Time 	 AccX 	 AccY 	 AccZ 	 GyroX 	 GyroY 	 GyroZ
0.536	0.97	0.59	-9.78	-0.09	-0.01	0.00
0.563	1.01	0.57	-9.71	-0.01	-0.06	0.08
0.589	0.96	0.55	-9.69	0.20	-0.07	0.06
0.617	0.95	0.62	-9.75	0.00	0.07	-0.06
0.644	0.93	0.60	-9.74	0.04	-0.04	-0.03
0.671	0.98	0.67	-9.80	0.07	0.04	0.02
0.698	0.98	0.68	-9.72	-0.07	0.03	0.08
0.724	0.87	0.64	-9.79	0.04	0.05	0.03
0.752	1.02	0.69	-9.80	0.04	0.06	-0.09
0.779	0.98	0.64	-9.78	0.07	-0.03	-0.07
0.805	0.87	0.72	-9.75	-0.03	0.03	0.10
0.833	0.98	0.69	-9.80	-0.03	-0.10	-0.04
0.860	1.01	0.68	-9.80	-0.01	-0.06	0.08
0.889	0.96	0.71	-9.72	0.12	-0.06	-0.16
0.917	0.97	0.71	-9.77	0.02	0.06	0.07
0.944	0.88	0.72	-9.73	0.05	-0.04	-0.00
0.971	0.96	0.64	-9.70	0.06	0.00	0.05
0.998	0.94	0.69	-9.78	0.02	0.01	-0.06
1.025	0.90	0.68	-9.71	-0.13	0.12	-0.03
1.052	0.97	0.62	-9.75	0.07	-0.13	0.03
1.079	0.99	0.62	-9.66	0.01	0.10	-0.03
1.105	0.87	0.70	-9.80	-0.03	-0.03	0.03
1.133	0.93	0.65	-9.76	-0.10	0.01	-0.06
1.160	0.91	0.68	-9.72	-0.04	-0.07	0.04
1.187	0.96	0.70	-9.64	-0.01	-0.02	-0.04
1.214	0.91	0.61	-9.71	0.01	0.00	-0.01
1.244	0.88	0.67	-9.73	0.06	0.02	-0.04
1.271	0.91	0.62	-9.78	0.06	0.04	0.06
1.298	0.96	0.65	-9.75	-0.03	-0.04	-0.04
1.325	0.92	0.65	-9.82	-0.00	0.01	-0.02
1.352	0.95	0.73	-9.76	0.08	-0.11	-0.08
1.379	0.93	0.65	-9.79	0.05	-0.03	-0.09
1.406	0.82	0.60	-9.79	-0.04	-0.04	0.09
1.433	0.94	0.57	-9.77	-0.05	0.06	0.02
1.460	0.96	0.73	-9.80	0.04	-0.03	0.04
1.487	0.96	0.60	-9.69	-0.05	0.02	0.01
1.514	0.97	0.62	-9.75	-0.03	0.00	-0.03
1.541	1.01	0.69	-9.70	0.03	0.05	0.15
1.568	0.93	0.64	-9.75	-0.01	-0.01	0.05
1.598	0.92	0.68	-9.75	-0.04	-0.03	0.14
1.625	0.95	0.64	-9.75	0.01	-0.14	-0.02
1.652	0.94	0.55	-9.77	-0.05	-0.06	0.04
1.679	0.97	0.60	-9.78	0.06	-0.00	0.00
1.707	0.97	0.64	-9.75	-0.04	0.03	-0.06
1.733	1.01	0.73	-9.75	-0.06	-0.00	-0.10
1.760	0.92	0.70	-9.76	0.03	-0.06	0.01
1.787	1.07	0.64	-9.74	0.03	0.01	-0.02
1.814	0.94	0.69	-9.76	-0.02	0.00	0.01
1.841	0.87	0.69	-9.70	0.09	-0.01	0.08
1.868	0.97	0.68	-9.77	-0.05	0.06	0.00
1.895	0.96	0.68	-9.69	-0.09	-0.01	0.05
1.923	0.93	0.67	-9.76	0.05	0.00	-0.11
1.952	0.90	0.72	-9.80	0.01	-0.03	-0.07
1.979	1.00	0.65	-9.78	-0.01	0.01	0.10
2.006	0.97	0.66	-9.78	-0.06	0.07	-0.04
2.033	0.93	0.68	-9.76	0.06	-0.05	0.03
2.060	0.93	0.57	-9.80	0.01	0.01	0.15
2.087	1.00	0.62	-9.78	-0.07	-0.06	-0.07
2.114	0.92	0.66	-9.78	-0.04	0.04	0.04
2.141	0.93	0.72	-9.71	-0.11	0.00	-0.08
2.168	0.94	0.75	-9.80	-0.06	0.14	0.10
2.195	0.98	0.70	-9.71	-0.01	0.01	-0.07
2.223	0.96	0.73	-9.64	0.12	-0.07	-0.03
2.249	0.94	0.66	-9.61	0.05	-0.02	-0.07
2.276	-1.68	0.16	-9.06	0.11	0.18	-0.03
2.304	5.21	-0.96	-10.89	-0.03	-0.17	-0.10
2.333	-0.35	2.91	-9.59	-0.13	0.03	-0.10
2.366	7.76	2.83	-12.40	0.01	-0.07	-0.20
2.394	5.44	-6.22	-12.53	-0.10	0.18	-0.16
2.421	4.08	2.66	-8.34	0.05	0.01	-0.08
2.448	-0.50	0.61	-4.70	-0.00	-0.06	-0.20
2.475	2.27	-3.30	-9.11	0.12	0.17	-0.18
2.502	0.00	-7.66	-14.60	0.16	0.09	-0.15
2.529	1.86	-1.01	-7.15	-0.07	0.02	-0.34
2.556	9.57	4.61	-3.76	0.22	-0.20	-0.15
2.583	2.26	-1.67	-11.55	0.16	-0.20	-0.32
2.611	3.97	2.46	-5.21	-0.12	0.12	-0.17
2.637	7.47	8.10	-13.65	0.18	-0.10	-0.17
2.668	3.38	1.54	-5.22	-0.20	0.03	-0.13
2.695	9.24	1.49	-10.63	0.09	0.13	-0.30
2.722	8.96	-1.93	-4.49	0.05	-0.39	0.08
2.749	6.02	-1.36	-5.67	-0.03	-0.09	-0.20
2.777	16.00	-0.27	-10.04	0.08	-0.23	0.00
2.803	6.11	-1.51	-3.70	0.13	-0.09	-0.28
2.831	-2.00	1.39	-12.17	0.09	0.21	-0.31
2.857	-0.73	2.05	-8.88	0.18	-0.22	-0.47
2.885	7.62	5.25	-6.86	0.03	0.15	-0.45
2.912	0.64	-2.43	-12.72	0.05	0.05	-0.51
2.939	6.34	2.38	-9.68	-0.02	0.16	-0.80
2.966	3.74	-3.66	-7.75	-0.14	0.32	-0.74
2.994	10.93	-6.29	-8.78	0.12	-0.14	-0.48
3.023	6.30	2.87	-0.94	0.05	-0.36	-0.09
3.051	5.27	-3.14	-10.67	0.15	0.02	-0.15
3.078	0.96	-0.34	-5.70	0.09	-0.37	-0.09
3.105	-2.77	-1.51	-4.27	0.20	0.17	-0.11
3.132	9.17	-0.73	-10.36	-0.19	-0.12	-0.29
3.160	-2.00	2.23	-6.49	-0.00	0.06	-0.45
3.186	0.99	3.44	-8.86	0.28	0.05	-0.52
3.214	-1.39	-3.99	-8.95	-0.16	-0.11	-0.50
3.240	-5.45	0.13	-13.97	0.14	0.03	-0.19
3.268	3.45	2.82	-12.34	-0.01	-0.15	0.51
3.295	-7.89	2.59	-9.91	-0.16	0.15	0.73
3.322	-4.56	4.75	-6.44	0.15	0.04	0.50
3.349	-3.67	2.08	-15.44	0.02	-0.02	0.35
3.380	-5.69	0.19	-13.19	0.18	0.14	0.21
3.406	6.39	3.64	-14.78	-0.19	0.14	0.18
3.434	-1.29	1.11	-11.25	-0.01	0.22	0.04
3.461	3.15	5.42	-6.64	-0.01	0.14	-0.31
3.488	-4.96	1.67	-12.56	0.04	-0.04	-0.47
3.515	-2.43	1.55	-11.06	-0.01	-0.02	-0.32
3.543	5.84	-2.76	-8.89	0.09	0.11	-0.49
3.569	-5.36	0.62	-13.15	0.24	-0.09	-0.47
3.597	-1.62	-0.86	-14.10	-0.11	0.17	-0.31
3.624	-0.87	5.83	-11.12	-0.08	-0.16	-0.18
3.651	7.46	0.00	-6.90	0.04	-0.05	0.07
3.679	7.62	-1.24	-8.88	0.09	-0.09	0.35
3.705	-0.93	-3.20	-6.95	-0.33	-0.35	0.87
3.735	-3.96	-3.53	-8.07	-0.38	-0.07	1.50
3.763	1.19	7.42	-10.59	-0.26	-0.31	1.80
3.790	-6.28	7.04	-6.13	-0.57	-0.20	2.11
3.817	3.25	12.71	-9.63	-0.22	-0.17	2.01
3.845	3.17	4.08	-13.98	-0.34	-0.36	1.69
3.871	-0.98	5.57	-10.52	0.01	0.06	1.25
3.899	0.52	6.15	-10.36	0.18	-0.12	0.51
3.926	-5.11	0.01	-12.59	0.07	0.03	0.26
3.953	-2.67	2.00	-12.81	0.16	-0.15	-0.07
3.980	-9.94	3.23	-9.68	0.09	-0.00	0.11
4.007	2.03	1.77	-10.06	0.21	-0.06	-0.04
4.034	-3.67	0.32	-11.68	0.36	-0.21	0.10
4.062	-1.03	-1.13	-8.95	0.10	-0.10	0.00
4.091	0.85	-1.17	-11.28	-0.13	-0.02	-0.22
4.119	-1.85	6.83	-10.75	0.23	-0.14	-0.04
4.147	1.00	-1.40	-10.57	0.19	-0.06	-0.34
4.173	-5.49	-1.14	-9.01	-0.05	0.01	-0.01
4.201	-1.77	0.65	-10.91	-0.08	-0.08	-0.31
4.228	5.12	-4.72	-5.34	-0.05	0.30	-0.25
4.255	-0.79	1.34	-10.08	0.22	-0.13	-0.33
4.282	0.30	-2.35	-5.69	0.14	-0.05	-0.25
4.310	9.72	5.18	-8.28	-0.18	0.15	-0.45
4.336	5.68	-2.50	-5.79	0.26	-0.19	-0.46
4.364	2.13	-1.02	-9.37	0.08	0.11	-0.45
4.390	1.49	-3.65	-12.79	-0.19	-0.15	-0.47
4.421	-4.48	1.61	-4.23	0.39	-0.06	-0.54
4.448	2.79	-0.91	-10.25	0.25	0.17	-0.61
4.475	3.06	-5.33	-8.48	0.15	-0.30	-0.52
4.503	3.29	-1.11	-8.73	0.25	0.23	-0.55
4.530	-1.62	-1.07	-14.04	0.14	-0.10	-0.63
4.557	-7.40	1.94	-6.85	0.21	0.15	-0.76
4.599	-2.48	0.34	-11.42	0.28	-0.12	-0.63
4.626	-4.58	0.04	-7.87	-0.00	0.17	-0.64
4.654	4.47	-1.21	-14.16	0.20	0.02	-0.51
4.680	-7.13	-1.18	-6.20	0.07	-0.11	-0.75
4.708	2.77	-3.02	-10.34	-0.00	0.17	-0.55
4.736	5.01	-0.23	-12.23	-0.17	-0.33	-0.36
4.762	4.17	0.09	-5.55	0.11	-0.03	-0.31
4.793	0.73	-4.14	-8.80	0.14	-0.24	-0.22
4.819	-1.06	-0.68	-8.79	-0.28	-0.10	-0.42
4.847	4.23	-0.95	-7.62	-0.01	0.00	-0.35
4.874	2.54	-5.33	-9.96	0.00	-0.16	0.11
4.901	-0.34	0.23	-6.79	-0.49	-0.15	0.37
4.928	7.58	7.25	-11.28	-0.02	-0.14	0.71
4.956	6.09	2.01	-7.97	0.04	-0.26	1.19
4.982	1.26	-2.93	-7.42	-0.48	-0.03	1.25
5.009	3.57	5.92	-9.31	-0.19	-0.03	0.93
5.037	0.84	5.27	-9.74	0.00	0.09	0.38
5.063	0.60	0.89	-8.00	-0.22	0.16	0.30
5.091	16.18	0.22	-12.25	-0.28	0.14	0.17
5.117	2.27	3.18	-7.10	0.06	0.16	-0.04
5.147	3.76	-3.74	-10.35	-0.25	0.20	-0.16
5.175	3.25	0.67	-5.17	-0.12	-0.19	-0.23
5.202	6.75	-1.69	-6.11	-0.40	0.04	0.56
5.229	4.83	-3.27	-8.53	-0.07	-0.44	0.78
5.257	1.87	4.55	-6.49	-0.10	-0.14	1.62
5.283	3.10	5.11	-8.48	-0.14	-0.20	1.67
5.310	5.21	5.89	-6.24	-0.13	-0.22	1.36
5.338	6.31	1.51	-7.93	-0.01	0.19	0.95
5.364	9.38	3.51	-11.28	0.05	-0.12	0.73
5.392	-2.15	0.32	-7.22	-0.04	0.14	0.33
5.419	8.17	3.12	-8.15	-0.04	0.12	0.31
5.446	3.38	4.75	-10.24	0.29	-0.16	0.04
5.473	-1.01	-3.38	-9.20	0.01	0.28	0.04
5.504	8.89	2.13	-5.29	0.02	0.20	-0.05
5.530	-4.35	-0.73	-4.82	0.13	0.14	-0.15
5.558	2.05	-1.14	-13.25	-0.20	0.20	-0.19
5.584	-0.26	1.59	-8.48	0.14	-0.20	-0.37
5.612	-1.85	-1.40	-7.24	0.11	0.19	-0.49
5.639	-1.80	-1.34	-13.80	0.04	0.07	-0.26
5.666	-6.30	-0.42	-11.28	-0.14	0.01	-0.47
5.693	3.66	-3.98	-15.05	-0.11	0.20	-0.26
5.721	-1.74	3.05	-13.65	0.14	0.00	-0.26
5.747	3.33	1.76	-11.85	0.07	0.18	-0.33
5.775	-5.01	-1.36	-13.35	0.10	-0.10	-0.24
5.803	-5.63	-3.94	-10.16	0.12	-0.22	-0.23
5.829	3.13	-4.49	-9.68	-0.09	0.12	-0.12
5.860	-5.97	5.75	-10.67	0.06	-0.26	-0.40
5.886	-0.69	-1.87	-10.07	0.24	0.07	-0.49
5.914	-0.26	-1.42	-13.23	0.04	-0.18	-0.39
5.942	1.16	-3.09	-9.47	0.06	-0.01	-0.79
5.968	7.50	-4.30	-11.54	-0.04	0.28	-0.55
5.996	1.13	-3.53	-7.14	-0.00	-0.31	-0.66
6.023	-0.56	0.80	-6.46	0.10	0.06	-0.58
6.050	-4.46	-3.88	-9.83	-0.03	0.06	-0.34
6.077	5.19	-3.86	-11.46	-0.03	0.06	-0.43
6.105	1.31	-1.10	-11.14	0.08	0.24	-0.72
6.131	-3.37	-1.23	-13.41	0.36	0.07	-0.44
6.159	-5.41	2.80	-8.75	0.21	0.24	-0.72
6.189	2.99	-5.73	-15.68	-0.06	0.22	-0.30
6.216	-1.51	-4.62	-12.05	0.00	0.28	-0.76
6.243	-1.14	0.22	-14.38	0.02	0.40	-0.66
6.270	-9.03	-0.37	-15.09	0.15	-0.04	-0.21
6.297	2.36	4.64	-10.61	-0.04	-0.04	-0.29
6.325	4.37	0.75	-10.80	-0.04	-0.24	0.00
6.352	-5.32	5.90	-13.57	-0.17	-0.22	0.54
6.379	-0.70	2.26	-7.08	-0.14	0.07	0.81
6.407	-3.99	0.11	-10.78	-0.27	-0.04	0.96
6.433	-3.38	7.44	-11.15	-0.28	0.11	1.04
6.461	5.24	7.59	-8.96	0.10	-0.10	0.70
6.488	6.16	2.90	-11.37	0.04	-0.18	0.66
6.515	1.53	0.15	-8.56	-0.22	0.21	0.34
6.545	3.47	8.49	-10.20	0.09	-0.26	0.19
6.573	-5.52	3.43	-12.76	-0.03	-0.13	0.09
6.599	-5.04	2.08	-10.97	-0.03	-0.21	0.02
6.627	0.29	5.63	-10.60	0.03	-0.45	-0.03
6.653	1.19	-2.64	-10.30	-0.15	0.03	-0.17
6.681	5.39	-0.65	-8.62	-0.07	-0.28	0.00
6.708	-6.04	0.80	-9.98	-0.19	0.19	0.40
6.740	9.40	4.60	-10.26	-0.20	0.02	0.53
6.768	-1.61	5.90	-10.34	0.20	-0.14	0.84
6.795	4.52	0.79	-15.80	0.05	0.29	0.45
6.822	0.87	4.78	-11.18	0.21	-0.15	0.26
6.849	-2.49	5.02	-7.46	-0.04	0.28	0.09
6.877	5.47	7.51	-9.10	-0.14	-0.03	-0.26
6.906	-4.67	3.93	-10.87	0.33	-0.04	-0.18
6.934	0.23	-3.43	-13.05	-0.10	0.02	-0.17
6.961	-8.68	0.05	-14.14	0.28	0.23	-0.18
6.988	-5.75	4.47	-11.66	-0.05	0.22	-0.38
7.015	3.48	2.30	-6.72	-0.21	0.26	-0.32
7.043	0.45	4.70	-14.29	0.16	0.07	-0.28
7.069	-2.41	0.32	-9.73	-0.00	-0.01	-0.26
7.097	0.38	-0.80	-11.12	0.04	-0.12	-0.09
7.123	-5.25	-0.80	-9.61	-0.03	-0.13	-0.08
7.151	1.83	-3.38	-8.73	-0.20	0.11	-0.04
7.179	-0.46	-1.38	-11.49	0.16	-0.27	0.10
7.205	-4.35	0.90	-6.04	0.03	0.04	-0.09
7.233	-4.78	0.01	-7.45	0.02	-0.07	-0.22
7.263	-2.36	1.31	-9.32	0.27	0.00	-0.35
7.289	3.89	-3.65	-12.12	-0.28	0.18	-0.19
7.317	9.57	-2.11	-11.63	0.11	-0.49	-0.24
7.345	7.65	2.30	-8.94	0.13	0.14	-0.23
7.371	2.98	-1.39	-11.11	0.16	-0.16	-0.30
7.399	1.25	-7.53	-8.99	0.04	0.11	-0.12
7.426	7.49	-3.51	-12.97	-0.14	-0.02	-0.14
7.453	0.68	2.67	-9.11	0.24	-0.26	-0.10
7.480	-2.26	-0.62	-10.94	-0.03	0.03	0.03
7.507	6.89	-1.94	-10.59	0.08	-0.08	0.14
7.534	-4.84	0.47	-11.79	-0.02	-0.05	0.30
7.562	-2.13	-1.12	-11.69	0.09	0.12	0.70
7.588	-1.28	4.46	-9.37	-0.09	-0.18	1.01
7.619	-0.08	6.29	-8.25	-0.48	0.18	1.50
7.646	7.90	6.16	-6.82	-0.31	-0.36	1.55
7.673	2.87	6.41	-7.55	-0.34	0.04	1.42
7.700	2.44	1.30	-9.00	-0.14	-0.07	1.56
7.727	-1.46	-3.20	-6.60	-0.10	-0.06	1.48
7.754	-1.85	3.42	-7.71	-0.13	0.02	0.92
7.781	3.13	1.20	-7.38	-0.08	-0.07	0.46
7.809	4.88	0.79	-8.96	0.14	-0.32	0.54
7.835	3.95	1.95	-10.10	-0.06	0.37	0.43
7.863	2.18	7.04	-9.61	0.22	-0.23	0.01
7.889	-2.84	-1.30	-8.22	0.28	0.02	0.14
7.917	4.73	-1.07	-13.42	0.05	0.06	0.01
7.944	5.42	5.83	-8.21	0.14	0.20	-0.23
7.973	4.09	2.84	-10.04	0.24	0.23	-0.12
8.001	1.60	3.40	-9.49	0.07	-0.14	-0.12
8.028	-1.95	-1.55	-8.77	0.00	-0.09	-0.04
8.055	1.80	0.71	-9.91	0.21	0.10	-0.21
8.082	0.50	2.87	-9.66	-0.08	0.15	-0.16
8.110	-4.09	6.85	-10.93	0.03	0.39	-0.28
8.136	4.93	6.25	-8.99	-0.00	-0.04	-0.37
8.164	-4.72	1.03	-11.16	-0.09	-0.11	-0.74
8.190	1.76	-1.34	-11.34	0.07	0.14	-0.64
8.218	2.92	-0.93	-5.82	0.25	0.05	-0.63
8.245	2.45	-0.24	-8.49	-0.05	0.26	-0.84
8.272	5.25	-0.52	-12.88	0.09	-0.22	-0.81
8.299	3.75	-3.17	-8.29	0.21	0.15	-0.82
8.330	4.76	-5.29	-9.14	0.25	0.21	-0.59
8.356	9.08	-5.14	-4.30	0.09	-0.06	-0.67
8.384	-3.51	-4.68	-5.05	-0.01	0.02	-0.90
8.411	8.68	4.83	-13.09	0.09	0.11	-0.76
8.438	4.36	1.05	-10.08	0.49	0.12	-1.03
8.465	0.39	-7.01	-13.05	0.29	0.20	-1.20
8.493	0.57	3.96	-11.81	0.07	0.03	-1.40
8.519	-1.20	4.86	-8.94	0.22	0.07	-1.34
8.547	7.17	-4.27	-10.05	0.23	0.10	-1.34
8.573	3.47	-3.57	-4.27	-0.03	0.22	-1.26
8.601	3.15	-6.16	-7.90	0.16	0.08	-1.07
8.628	7.75	-1.49	-9.09	-0.00	-0.01	-1.01
8.655	6.35	-0.46	-13.98	0.02	-0.12	-1.00
8.685	-0.67	-0.45	-7.58	0.10	-0.02	-0.89
8.713	1.80	-3.56	-4.41	0.14	-0.14	-0.59
8.739	0.52	-3.58	-9.52	0.17	0.26	-0.78
8.767	7.73	-1.99	-13.48	0.04	-0.18	-0.45
8.794	-4.74	4.54	-10.37	-0.29	0.32	-0.18
8.821	-5.71	5.34	-9.17	-0.12	0.07	0.13
8.849	2.10	6.22	-9.42	-0.36	-0.19	0.81
8.876	-1.49	-2.38	-12.62	-0.15	0.06	1.60
8.903	0.45	-0.41	-15.28	-0.58	-0.29	1.87
8.945	-1.54	6.94	-5.37	-0.41	-0.24	2.32
8.973	2.97	-2.51	-5.49	-0.48	-0.19	2.13
8.999	4.60	7.00	-8.29	-0.56	-0.24	1.70
9.029	2.41	8.04	-9.55	-0.25	0.00	1.76
9.057	2.50	5.35	-2.58	-0.10	-0.32	1.70
9.083	0.53	7.88	-5.97	0.02	-0.15	1.49
9.111	10.55	8.55	-7.95	0.01	-0.02	0.64
9.138	4.43	2.79	-4.30	0.19	-0.26	0.56
9.164	0.43	1.52	-8.27	0.06	0.21	0.42
9.192	7.01	-3.19	-9.83	0.31	-0.08	0.27
9.219	0.16	0.78	-7.37	-0.28	0.25	0.14
9.246	5.05	4.39	-11.95	0.07	-0.02	0.07
9.273	-4.33	4.70	-10.42	0.16	0.03	-0.05
9.300	-4.79	-1.61	-7.97	0.03	0.17	-0.21
9.327	-0.47	2.94	-9.85	0.13	0.12	-0.25
9.355	0.46	-4.53	-13.21	0.01	0.10	-0.22
9.384	7.08	1.94	-15.03	-0.03	0.22	-0.22
9.412	-1.56	-0.80	-12.30	0.12	0.08	-0.25
9.439	-0.14	-3.78	-10.98	0.37	0.38	-0.14
9.466	-0.86	0.32	-12.35	-0.12	0.07	-0.22
9.494	1.69	-1.87	-10.36	-0.04	-0.05	-0.41
9.521	-0.73	-0.19	-11.38	0.56	0.01	-0.28
9.548	-5.24	-2.26	-11.95	-0.09	-0.30	-0.40
9.575	-3.68	4.52	-5.24	-0.03	0.06	-0.40
9.603	1.67	5.08	-10.28	0.38	-0.04	-0.40
9.629	-1.03	-5.02	-8.14	0.06	-0.16	-0.51
9.657	7.68	2.84	-9.03	-0.23	0.14	-0.63
9.684	3.87	-1.90	-7.32	0.21	-0.20	-0.40
9.711	-1.46	-0.82	-7.21	0.00	-0.06	-0.78
9.741	-1.39	0.92	-10.28	-0.02	0.04	-0.50
9.768	1.63	-6.74	-11.95	-0.11	0.03	-0.33
9.796	6.99	-1.71	-10.77	-0.13	0.07	-0.41
9.823	5.67	-3.46	-7.71	0.09	-0.08	-0.38
9.850	-2.05	1.45	-6.79	-0.03	-0.03	-0.16
9.877	-2.89	-1.57	-11.31	0.09	0.21	-0.01
9.905	-0.11	-4.07	-14.27	0.19	0.07	-0.14
9.931	-1.44	-3.31	-10.21	-0.19	0.21	-0.14
9.959	0.34	4.41	-11.23	0.33	-0.06	-0.31
9.987	0.28	-3.05	-9.48	-0.01	0.00	0.00
10.013	5.02	1.66	-6.55	0.06	-0.03	-0.15
10.041	-2.73	3.99	-8.94	-0.01	-0.09	-0.09
10.067	-1.65	-3.25	-8.05	-0.07	-0.06	0.10
10.098	-0.76	7.07	-9.99	-0.16	-0.24	0.55
10.125	-0.55	3.63	-9.55	-0.33	-0.19	1.38
10.152	16.99	5.30	-7.65	-0.26	-0.17	1.60
10.180	0.96	7.81	-9.69	-0.13	-0.10	1.76
10.207	-0.47	3.76	-14.27	-0.04	0.06	1.51
10.234	3.12	5.33	-11.13	-0.12	-0.02	0.99
10.262	-0.58	0.68	-12.30	-0.12	0.20	0.59
10.289	2.36	4.96	-13.64	0.03	0.01	0.17
10.316	1.61	6.67	-16.93	0.32	-0.18	0.08
10.343	-6.26	-3.68	-8.68	0.07	0.22	-0.01
10.371	-1.04	4.93	-10.51	-0.20	0.17	-0.00
10.398	-0.27	-2.77	-9.37	-0.07	-0.20	0.04
10.428	3.68	-2.13	-12.92	0.09	0.10	0.08
10.456	-4.07	0.22	-13.22	0.19	-0.21	-0.14
10.483	-8.73	-2.15	-4.71	-0.09	-0.13	-0.12
10.510	-0.39	7.60	-10.43	0.08	0.18	-0.24
10.537	-5.54	-1.55	-10.62	0.16	0.03	-0.14
10.565	5.80	-2.82	-13.21	0.01	0.17	-0.28
10.592	-3.15	5.19	-12.65	0.02	-0.32	0.01
10.619	-4.02	-1.24	-12.89	0.35	-0.17	0.12
10.647	-3.26	1.77	-11.51	-0.16	-0.20	0.06
10.674	3.17	2.62	-6.62	0.24	-0.02	-0.25
10.701	-0.24	0.40	-9.44	0.10	0.40	-0.46
10.729	3.67	-0.70	-5.42	-0.06	-0.14	-0.57
10.756	-5.73	0.30	-5.82	-0.09	0.38	-0.63
10.781	5.64	0.22	-11.33	0.19	-0.17	-0.49
10.808	1.95	-2.51	-10.36	0.12	0.03	-0.70
10.835	5.69	-2.70	-9.36	0.13	0.31	-0.56
10.863	-5.95	1.33	-7.41	0.18	-0.04	-0.62
10.890	9.01	1.37	-11.51	0.08	0.06	-0.53
10.917	-0.19	-1.47	-9.85	-0.04	-0.00	-0.36
10.945	-0.88	5.29	-11.21	0.19	-0.03	-0.61
10.972	-3.15	0.80	-7.75	0.26	0.30	-0.51
10.999	4.51	-2.79	-10.95	0.34	0.12	-0.59
11.027	0.94	1.53	-7.12	-0.33	-0.03	-0.29
11.054	8.58	2.49	-15.95	-0.02	0.12	-0.25
11.081	-2.33	-0.55	-7.73	-0.14	-0.18	-0.01
11.117	0.27	-4.26	-10.95	-0.20	0.28	0.21
11.145	2.59	2.61	-11.64	0.07	-0.02	0.31
11.171	-3.69	1.13	-9.30	-0.07	-0.01	0.35
11.199	7.24	0.21	-5.69	0.07	-0.14	0.58
11.226	-0.48	2.37	-9.96	0.04	-0.11	0.19
11.253	2.56	-2.38	-9.93	-0.03	0.12	-0.01
11.280	1.16	2.35	-10.72	0.06	0.09	-0.20
11.308	2.63	5.09	-10.43	0.04	0.03	-0.20
11.335	10.31	1.01	-10.43	-0.37	0.12	-0.38
11.362	-0.24	2.15	-8.71	-0.05	-0.25	-0.23
11.389	-5.61	0.41	-7.83	0.03	0.26	-0.03
11.417	2.08	2.39	-8.04	0.00	-0.16	-0.06
11.444	1.75	3.17	-6.34	-0.15	0.07	0.27
11.473	8.79	1.25	-13.46	0.14	-0.08	0.30
11.501	-7.33	4.34	-11.25	-0.24	-0.08	0.25
11.529	1.39	4.78	-7.20	0.16	0.14	0.14
11.555	-1.58	1.54	-13.58	0.12	0.04	0.00
11.583	1.65	1.80	-8.92	0.01	0.08	-0.13
11.610	1.59	1.53	-11.06	0.01	0.01	-0.15
11.637	3.40	-5.95	-11.53	0.04	-0.42	0.07
11.664	-2.43	1.77	-10.96	-0.23	0.12	0.12
11.692	-5.59	-0.55	-7.00	-0.11	-0.32	0.50
11.719	0.31	-1.09	-11.78	-0.12	-0.06	1.12
11.746	-0.06	5.93	-12.90	-0.23	0.07	1.29
11.773	5.82	5.56	-6.02	-0.17	-0.32	1.17
11.804	-2.52	3.99	-6.83	-0.09	-0.12	0.94
11.831	-0.84	7.93	-8.35	-0.21	-0.19	0.71
11.858	5.98	0.85	-10.36	0.21	-0.12	0.53
11.885	3.36	-1.17	-8.96	-0.17	0.19	0.19
11.913	-0.17	5.12	-7.40	-0.17	-0.19	0.03
11.940	-0.62	3.43	-6.87	0.23	0.05	0.13
11.967	9.06	2.31	-11.00	-0.24	-0.04	-0.00
11.995	2.05	1.05	-6.03	-0.03	-0.16	-0.07
12.021	-0.01	4.87	-9.24	0.11	0.12	0.14
12.049	2.94	-2.60	-10.02	0.12	-0.13	0.21
12.076	-0.60	2.12	-7.92	-0.29	0.12	0.31
12.103	1.28	0.24	-9.81	-0.04	0.00	0.20
12.131	5.02	0.17	-11.44	0.44	-0.17	0.17
12.161	2.45	1.62	-6.45	-0.05	0.35	-0.00
12.188	2.81	-2.38	-10.14	-0.07	-0.01	0.03
12.215	-0.47	4.60	-11.49	0.14	0.13	-0.18
12.242	9.79	-0.94	-7.33	0.17	0.13	-0.13
12.269	5.86	-0.63	-8.20	0.12	0.01	-0.39
12.297	-0.65	-2.26	-7.23	0.03	0.06	-0.19
12.324	1.11	-2.13	-7.99	0.04	0.03	-0.24
12.351	3.33	-3.95	-8.48	-0.23	-0.01	-0.46
12.379	5.31	1.85	-12.25	0.05	0.16	-0.44
12.405	1.75	-4.55	-15.41	0.11	0.05	-0.43
12.433	-5.57	8.05	-9.09	-0.09	-0.06	-0.59
12.461	-0.75	2.64	-15.48	0.26	-0.39	-0.50
12.490	-16.09	-3.93	-16.48	0.38	0.08	-0.53
12.518	-2.81	0.42	-9.36	-0.09	0.02	-0.47
12.546	-7.28	-1.82	-13.60	0.43	-0.00	-0.15
12.572	-2.05	2.44	-10.36	-0.19	0.06	-0.15
12.600	1.64	6.11	-8.82	0.14	-0.01	-0.23
12.627	-3.72	1.62	-9.24	0.01	-0.03	-0.28
12.654	-7.08	-0.60	-12.15	-0.13	-0.09	-0.15
12.682	-3.39	0.06	-11.74	0.14	-0.06	-0.14
12.709	-5.65	-0.30	-10.43	0.01	0.06	-0.17
12.736	-3.79	0.31	-9.58	0.00	0.01	-0.10
12.764	-2.84	-0.19	-10.19	-0.04	0.07	-0.08
12.790	-4.35	0.18	-10.84	0.05	0.08	-0.07
12.818	-4.51	1.20	-10.48	0.01	-0.03	-0.09
12.849	-3.66	0.48	-9.87	0.01	0.07	-0.12
12.875	-4.39	0.32	-10.18	0.01	0.02	-0.14
12.903	-4.14	0.28	-10.02	0.03	-0.09	-0.10
12.930	-3.64	-0.01	-10.42	0.02	-0.04	-0.11
12.957	-3.75	0.03	-10.34	0.06	-0.13	-0.04
12.985	-3.35	0.24	-10.16	0.01	-0.00	0.11
13.011	1.06	0.22	-9.63	-0.03	0.12	0.12
13.039	1.44	1.37	-10.17	0.01	0.09	0.03
13.066	1.31	0.83	-10.15	0.03	-0.12	0.04
13.093	1.06	-0.03	-9.87	0.07	0.01	-0.11
13.120	1.19	0.80	-9.88	-0.09	-0.01	0.06
13.148	1.31	0.71	-9.76	-0.05	0.07	-0.01
13.177	1.28	0.55	-9.78	-0.06	0.07	0.06
13.205	1.16	0.80	-9.79	-0.14	-0.07	0.03
13.232	1.14	0.59	-9.68	0.06	0.10	-0.03
13.259	1.07	0.57	-9.68	0.02	-0.04	-0.16
13.286	0.95	0.75	-9.79	0.03	0.14	0.11
13.314	0.86	0.62	-9.74	0.11	0.08	0.12
13.340	0.89	0.70	-9.79	0.10	0.04	-0.02
13.368	0.83	0.70	-9.75	-0.04	0.09	-0.02
13.394	0.76	0.65	-9.75	0.09	0.05	0.04
13.422	0.76	0.65	-9.73	-0.12	0.10	0.02
13.449	0.73	0.57	-9.70	0.00	-0.12	-0.00
13.492	0.78	0.61	-9.75	0.00	0.08	-0.05
13.519	0.83	0.62	-9.75	0.00	0.07	-0.06
13.549	0.91	0.68	-9.86	0.01	-0.03	0.07
13.576	0.92	0.69	-9.75	0.01	0.03	-0.06
13.603	0.89	0.65	-9.80	0.04	-0.13	0.08
13.630	0.87	0.64	-9.81	0.04	-0.06	0.05
13.658	1.01	0.68	-9.83	0.15	-0.04	-0.14
13.684	0.85	0.64	-9.71	0.01	-0.03	-0.04
13.712	0.97	0.53	-9.82	0.12	-0.03	-0.02
13.739	0.93	0.54	-9.85	-0.04	0.07	0.01
13.766	0.88	0.63	-9.68	0.00	0.05	-0.03
13.793	0.88	0.59	-9.82	0.06	-0.01	-0.10
13.820	0.87	0.58	-9.74	-0.11	-0.07	-0.12
13.847	0.81	0.64	-9.70	-0.05	-0.01	-0.04
13.875	0.87	0.65	-9.76	0.06	0.04	0.06
13.904	0.86	0.68	-9.77	-0.01	-0.07	0.07
13.932	0.85	0.73	-9.82	-0.07	0.09	0.03
13.959	0.87	0.61	-9.68	0.01	0.10	-0.05
13.985	0.93	0.57	-9.83	0.00	-0.01	-0.05
14.013	0.93	0.66	-9.73	-0.09	0.07	0.15
14.040	0.89	0.67	-9.77	-0.09	0.08	0.13
14.067	0.93	0.61	-9.83	-0.01	-0.00	0.15
14.094	0.93	0.71	-9.78	0.04	0.01	-0.01
14.121	0.95	0.73	-9.78	-0.01	-0.02	0.02
14.148	0.96	0.60	-9.73	-0.04	0.07	0.04
14.176	0.88	0.75	-9.79	-0.04	-0.05	-0.16
14.202	0.89	0.66	-9.72	-0.08	-0.01	0.06
14.230	0.96	0.75	-9.70	0.01	-0.03	0.01
14.260	0.92	0.60	-9.67	0.03	-0.01	-0.11
14.287	1.00	0.70	-9.77	-0.04	0.05	0.17
14.314	0.88	0.66	-9.76	0.01	-0.01	0.02
14.342	0.88	0.68	-9.70	0.03	0.02	0.01
14.368	0.93	0.65	-9.77	-0.03	0.07	0.12
14.396	0.85	0.59	-9.68	0.03	0.04	0.12
14.423	0.89	0.65	-9.75	0.11	0.08	-0.08
14.450	0.91	0.73	-9.80	-0.04	-0.00	-0.02
14.477	0.89	0.68	-9.80	0.02	0.07	-0.11
14.504	0.91	0.59	-9.76	0.02	0.01	0.12
14.531	0.85	0.68	-9.73	0.06	0.06	0.11
14.558	0.92	0.69	-9.81	-0.00	-0.08	0.06
14.585	0.90	0.65	-9.75	0.09	0.01	-0.05
14.615	0.93	0.65	-9.80	0.08	-0.01	-0.11
14.643	0.87	0.68	-9.75	-0.07	0.08	0.07
14.669	0.89	0.64	-9.71	-0.01	0.06	-0.10
14.697	0.89	0.63	-9.78	-0.09	0.06	0.11
14.724	0.88	0.68	-9.74	-0.05	0.06	0.04
14.751	0.88	0.79	-9.88	-0.04	0.01	-0.08
14.778	0.80	0.62	-9.83	-0.06	-0.00	-0.04
14.806	0.94	0.70	-9.72	-0.06	-0.06	0.03
14.832	0.93	0.60	-9.76	-0.03	0.00	0.16
14.860	0.95	0.67	-9.76	-0.02	0.10	-0.03
14.886	0.88	0.63	-9.78	0.05	-0.06	-0.00
14.914	0.93	0.66	-9.83	-0.06	-0.01	0.03
14.941	0.85	0.68	-9.73	-0.06	0.10	0.07
14.970	0.94	0.71	-9.73	-0.01	-0.04	-0.08
14.998	0.92	0.64	-9.80	0.04	0.01	-0.02
15.025	0.86	0.61	-9.76	0.00	-0.07	0.08
15.052	0.94	0.66	-9.88	-0.03	0.05	-0.09
15.079	0.93	0.71	-9.82	0.06	-0.10	0.12
15.107	0.91	0.65	-9.82	-0.12	0.02	-0.03
15.133	0.88	0.68	-9.65	-0.00	0.09	0.03
15.161	0.88	0.64	-9.87	0.07	-0.02	-0.00
15.187	0.84	0.64	-9.75	-0.00	-0.07	0.04
15.215	0.94	0.70	-9.75	-0.03	-0.06	-0.05
15.242	0.98	0.62	-9.73	0.03	-0.03	-0.00
15.269	0.85	0.70	-9.78	0.03	-0.01	0.06
15.296	0.94	0.57	-9.87	-0.01	-0.02	-0.07
15.327	0.85	0.56	-9.79	0.03	0.06	0.11
15.353	0.94	0.64	-9.79	-0.02	0.02	-0.11
15.381	0.87	0.60	-9.74	0.09	-0.03	-0.09
15.408	0.93	0.57	-9.71	0.05	-0.11	-0.01
15.435	0.93	0.62	-9.83	-0.03	0.05	0.13
15.462	0.90	0.64	-9.70	-0.00	-0.04	-0.03
15.490	0.91	0.69	-9.74	-0.01	0.04	0.01
15.516	0.85	0.62	-9.73	-0.06	0.09	0.06
15.544	0.86	0.62	-9.75	0.00	-0.04	0.02
15.570	0.91	0.61	-9.82	0.00	0.01	-0.12
15.603	0.93	0.70	-9.79	0.02	-0.06	0.00
15.631	0.89	0.65	-9.75	0.03	0.02	-0.08
15.657	0.93	0.65	-9.79	-0.09	0.04	0.11
15.688	0.89	0.68	-9.79	0.04	0.03	0.06
15.715	0.88	0.59	-9.72	0.07	0.02	0.04
15.741	0.85	0.64	-9.79	0.02	-0.07	0.03
15.769	0.88	0.75	-9.81	-0.12	0.03	0.00
15.796	0.88	0.58	-9.75	-0.07	-0.04	0.09
15.823	0.91	0.66	-9.80	0.00	-0.07	-0.05
15.850	0.89	0.65	-9.73	-0.03	0.04	-0.10
15.878	0.91	0.64	-9.71	-0.10	-0.03	0.03
15.904	0.85	0.71	-9.73	0.04	-0.05	-0.07
15.932	0.91	0.65	-9.70	0.07	0.00	-0.02
15.959	0.95	0.62	-9.67	0.03	0.13	-0.18
15.986	0.93	0.62	-9.70	-0.07	-0.01	-0.01
16.013	0.85	0.62	-9.76	0.07	-0.13	-0.00
16.044	0.88	0.63	-9.80	0.04	0.12	0.10
16.070	0.89	0.71	-9.71	0.01	-0.05	0.03
16.098	0.91	0.70	-9.72	0.05	-0.02	-0.17
16.124	0.87	0.57	-9.70	-0.01	-0.04	0.02
16.152	0.88	0.72	-9.74	-0.00	0.00	-0.00
16.179	0.89	0.75	-9.80	0.06	-0.01	-0.01
16.206	0.90	0.68	-9.72	0.08	0.01	0.13
16.233	0.85	0.67	-9.79	-0.04	-0.03	0.05
16.261	0.80	0.74	-9.75	0.03	-0.03	0.05
16.287	0.91	0.63	-9.78	-0.03	-0.06	-0.00
16.314	0.94	0.69	-9.75	-0.03	0.01	0.05
16.342	0.86	0.73	-9.73	-0.07	-0.09	-0.01
16.369	0.80	0.69	-9.75	-0.02	-0.00	-0.04
16.399	0.86	0.60	-9.81	0.07	-0.03	0.05
16.425	0.91	0.69	-9.78	-0.03	-0.09	-0.04
16.453	0.93	0.68	-9.80	-0.03	0.06	0.10
16.480	0.93	0.61	-9.77	0.05	-0.06	-0.14
16.507	0.88	0.65	-9.84	-0.03	0.01	-0.03
16.534	0.88	0.65	-9.78	0.07	-0.02	0.10
16.562	0.92	0.70	-9.78	-0.01	0.04	-0.16
16.588	0.90	0.67	-9.80	-0.02	-0.04	0.04
16.616	0.89	0.70	-9.82	0.00	0.01	0.02
16.643	0.89	0.65	-9.70	0.07	0.01	0.05
16.670	0.86	0.64	-9.73	-0.03	-0.03	0.03
16.697	0.84	0.61	-9.73	-0.01	0.00	0.01
16.724	0.83	0.65	-9.71	0.02	0.03	-0.04
16.754	0.93	0.69	-9.76	-0.13	0.01	0.02
16.781	0.87	0.66	-9.77	-0.01	-0.08	0.10
16.808	0.91	0.62	-9.82	-0.07	0.18	0.03
16.835	0.86	0.61	-9.77	-0.01	0.02	0.01
16.863	0.95	0.61	-9.83	-0.01	-0.00	0.07
16.889	0.91	0.59	-9.80	0.03	0.04	-0.01
16.917	0.83	0.62	-9.84	0.00	0.01	-0.06
16.944	0.86	0.62	-9.75	0.06	0.06	0.01
16.971	0.93	0.68	-9.70	-0.04	0.08	0.06
16.998	0.85	0.70	-9.70	0.03	-0.11	-0.15
17.026	0.91	0.70	-9.80	0.10	0.03	-0.03
17.052	0.98	0.68	-9.74	0.09	-0.09	-0.07
17.080	0.87	0.65	-9.71	0.06	0.04	-0.09
17.110	1.01	0.71	-9.73	0.09	0.04	0.03
17.136	0.87	0.64	-9.80	0.04	-0.06	0.03
17.164	0.94	0.62	-9.80	-0.04	0.02	-0.01
17.190	0.94	0.64	-9.69	0.10	-0.02	0.01
17.218	0.89	0.72	-9.82	0.03	0.09	0.04
17.245	0.89	0.68	-9.85	-0.00	0.14	-0.09
17.272	0.96	0.68	-9.73	0.07	-0.13	0.01
17.299	0.82	0.68	-9.70	0.00	0.10	0.04
17.327	0.93	0.68	-9.82	-0.01	-0.12	-0.16
17.353	0.97	0.66	-9.78	0.12	-0.06	0.12
17.381	0.88	0.68	-9.77	-0.07	0.10	-0.04
17.408	0.94	0.75	-9.79	-0.02	0.04	-0.07
17.435	0.84	0.58	-9.73	0.04	0.00	-0.01
17.465	0.93	0.68	-9.77	0.13	-0.06	-0.02
17.492	0.91	0.71	-9.75	0.05	0.06	-0.06
17.519	0.83	0.62	-9.74	0.09	-0.01	0.03
17.547	0.88	0.62	-9.76	0.10	0.00	-0.28
17.573	0.86	0.65	-9.74	-0.10	0.03	0.09
17.600	0.92	0.65	-9.77	-0.09	0.06	0.09
17.628	0.91	0.62	-9.83	0.03	0.00	-0.10
17.654	0.93	0.68	-9.73	0.02	0.03	0.03
17.682	0.91	0.75	-9.72	0.07	0.02	0.12
17.709	0.90	0.69	-9.75	0.01	-0.02	0.07
17.736	0.86	0.68	-9.73	0.07	0.00	0.09
17.763	0.91	0.66	-9.78	-0.05	0.10	-0.02
17.806	0.92	0.68	-9.85	-0.04	0.07	0.06
17.836	0.93	0.60	-9.77	0.05	-0.07	0.06
17.862	0.88	0.68	-9.74	-0.05	0.03	0.02
17.890	0.98	0.60	-9.72	0.04	-0.14	-0.03
17.916	0.89	0.62	-9.76	0.05	0.00	-0.08
17.944	0.93	0.68	-9.66	0.02	0.04	0.08
17.971	0.96	0.65	-9.75	-0.01	-0.04	0.10
17.998	0.91	0.72	-9.83	0.05	-0.06	0.01
18.025	0.91	0.65	-9.77	0.04	0.09	-0.06
18.053	0.96	0.64	-9.85	0.02	0.06	0.05
18.079	0.97	0.59	-9.78	0.06	-0.08	-0.05
18.107	0.91	0.64	-9.83	0.13	0.01	-0.13
18.134	0.84	0.60	-9.71	-0.05	0.07	0.19
18.161	0.91	0.62	-9.83	0.03	0.00	0.14
18.191	0.98	0.65	-9.74	-0.01	-0.02	-0.02
18.219	0.91	0.70	-9.75	-0.01	0.04	-0.03
18.245	0.85	0.60	-9.75	0.03	-0.03	-0.14
18.273	0.83	0.68	-9.79	0.02	-0.09	0.04
18.299	0.96	0.67	-9.75	0.01	0.13	-0.09
18.327	0.93	0.59	-9.75	0.00	-0.02	-0.07
18.354	0.86	0.68	-9.69	-0.03	0.02	-0.12
18.381	0.80	0.66	-9.73	-0.02	0.02	-0.06
18.408	0.99	0.65	-9.79	-0.11	0.03	0.12
18.436	0.91	0.65	-9.75	-0.03	0.04	0.13
18.462	0.97	0.67	-9.73	0.00	0.05	0.09
18.490	0.93	0.61	-9.75	-0.10	-0.03	0.13
18.516	0.92	0.55	-9.70	0.04	-0.00	-0.10
18.546	0.88	0.70	-9.78	-0.04	-0.04	0.12
18.574	0.87	0.67	-9.72	0.09	-0.15	-0.12
18.600	0.84	0.71	-9.85	-0.03	0.12	-0.12
18.628	0.97	0.63	-9.78	-0.04	0.00	0.05
18.655	0.90	0.66	-9.76	0.04	-0.04	0.02
18.682	0.95	0.60	-9.77	-0.09	-0.04	-0.05
18.709	0.83	0.62	-9.80	-0.04	0.04	-0.10
18.737	0.85	0.61	-9.76	0.05	-0.08	0.01
18.763	0.92	0.58	-9.71	0.02	-0.04	0.06
18.791	0.91	0.60	-9.79	0.07	-0.10	0.01
18.818	0.94	0.70	-9.70	-0.06	0.01	-0.01
18.845	0.95	0.67	-9.77	-0.01	-0.05	-0.04
18.872	0.88	0.62	-9.84	0.00	-0.06	0.01
18.903	0.88	0.68	-9.78	-0.05	0.09	0.00
18.929	0.91	0.61	-9.78	-0.08	-0.02	0.04
18.957	0.88	0.65	-9.77	-0.03	0.11	0.04
18.983	0.85	0.60	-9.80	0.04	0.02	0.06
19.011	0.92	0.66	-9.75	0.05	-0.07	0.05
19.038	0.93	0.68	-9.77	0.03	0.00	0.03
19.065	0.85	0.60	-9.73	0.03	-0.03	0.07
19.092	0.89	0.62	-9.84	0.02	-0.04	-0.00
19.120	0.87	0.64	-9.75	0.05	-0.07	0.07
19.146	0.96	0.63	-9.85	0.08	0.00	0.06
19.173	0.83	0.71	-9.69	-0.07	-0.04	0.05
19.201	0.85	0.60	-9.76	0.04	0.04	-0.09
19.227	0.93	0.58	-9.70	0.10	-0.06	-0.18
19.258	0.91	0.62	-9.73	-0.04	0.07	0.08
19.284	0.95	0.65	-9.88	0.12	0.06	-0.02
19.312	0.91	0.63	-9.77	0.07	0.09	0.03
19.339	0.98	0.63	-9.75	-0.01	0.02	0.02
19.366	0.93	0.64	-9.73	-0.08	-0.07	-0.12
19.393	0.93	0.70	-9.77	-0.04	0.02	0.08
19.421	0.92	0.70	-9.74	0.01	-0.11	-0.22
19.447	0.84	0.62	-9.83	-0.07	0.03	0.01
19.475	0.85	0.71	-9.77	0.08	-0.02	-0.06
19.502	0.91	0.59	-9.77	0.05	-0.08	-0.02
19.529	0.91	0.70	-9.65	-0.01	0.03	-0.03
19.556	0.91	0.65	-9.78	0.07	-0.04	-0.10
19.584	0.83	0.70	-9.78	0.08	0.01	0.06
19.613	0.87	0.63	-9.71	0.03	-0.10	-0.02
19.641	0.91	0.62	-9.81	0.04	0.01	0.07
19.667	0.87	0.73	-9.76	0.06	-0.08	-0.05
19.695	0.88	0.70	-9.73	0.00	0.04	0.02
19.722	0.83	0.61	-9.76	0.02	0.01	-0.11
19.749	0.90	0.62	-9.78	0.04	0.09	-0.06
19.776	0.96	0.58	-9.72	0.06	0.08	0.00
19.803	0.88	0.68	-9.75	0.04	0.09	-0.11
19.830	0.93	0.57	-9.77	-0.02	0.00	-0.10
19.857	0.91	0.67	-9.68	-0.06	0.04	-0.01
19.891	0.90	0.71	-9.81	-0.05	-0.00	-0.11
19.917	0.86	0.61	-9.73	-0.06	-0.03	-0.04
19.945	0.85	0.58	-9.73	0.08	0.05	0.04
19.975	0.90	0.62	-9.80	-0.03	0.00	0.01
20.001	0.92	0.63	-9.68	0.02	-0.06	-0.07
20.029	0.89	0.66	-9.70	0.02	0.03	-0.06
20.056	0.85	0.68	-9.84	0.05	-0.07	-0.01
20.083	0.88	0.60	-9.70	0.01	-0.06	0.10
20.110	0.84	0.66	-9.83	-0.06	0.01	0.03
20.137	0.92	0.57	-9.76	0.04	-0.13	0.11
20.164	0.89	0.68	-9.72	0.04	0.11	0.01
20.192	0.88	0.64	-9.70	0.03	0.01	0.05
20.218	0.91	0.61	-9.88	-0.10	0.03	0.02
20.245	0.95	0.68	-9.82	0.10	0.05	-0.14
20.273	0.88	0.68	-9.75	-0.11	0.18	-0.14
20.299	0.92	0.60	-9.74	-0.07	0.14	-0.00
20.330	0.85	0.66	-9.82	0.00	-0.06	0.12
20.357	0.88	0.73	-9.83	0.04	0.04	0.05
20.384	0.93	0.60	-9.80	0.04	0.00	-0.08
20.411	0.93	0.60	-9.78	-0.08	-0.01	0.04
20.439	0.92	0.64	-9.81	0.05	-0.12	-0.02
20.465	0.97	0.60	-9.78	0.03	-0.08	0.13
20.493	0.95	0.67	-9.79	-0.02	0.04	0.02
20.519	0.83	0.68	-9.76	-0.03	0.10	0.03
20.547	0.92	0.68	-9.73	-0.15	-0.04	-0.01
20.574	0.92	0.60	-9.72	0.01	-0.05	0.06
20.601	0.93	0.69	-9.78	0.11	-0.05	-0.15
20.628	0.80	0.73	-9.77	-0.04	-0.00	-0.09
20.656	0.85	0.68	-9.77	0.00	-0.11	-0.01
20.685	0.91	0.74	-9.73	0.00	-0.00	0.10
20.712	0.86	0.59	-9.70	0.04	-0.01	-0.04
20.740	0.92	0.68	-9.77	0.02	-0.01	-0.02
20.766	0.84	0.68	-9.74	0.01	-0.00	0.12
20.794	0.87	0.75	-9.78	-0.09	-0.10	0.09
20.820	0.94	0.61	-9.79	0.05	-0.07	-0.01
20.848	0.91	0.57	-9.80	0.02	-0.06	0.12
20.875	0.87	0.57	-9.69	-0.03	0.01	-0.01
20.902	0.96	0.58	-9.81	0.00	0.08	-0.11
20.929	0.89	0.68	-9.73	0.07	-0.04	-0.01
20.957	0.82	0.64	-9.65	0.08	-0.07	-0.07
20.983	1.00	0.72	-9.77	-0.10	-0.11	0.06
21.011	0.92	0.65	-9.66	0.11	-0.07	0.04
21.041	0.91	0.69	-9.73	-0.04	-0.09	-0.03
21.068	0.83	0.66	-9.82	-0.05	-0.05	-0.06
21.095	0.88	0.63	-9.75	0.04	0.05	0.10
21.123	0.92	0.65	-9.77	-0.04	-0.08	0.03
21.149	1.00	0.65	-9.81	-0.03	0.08	-0.10
21.177	0.91	0.68	-9.73	-0.09	0.04	0.03
21.203	0.91	0.62	-9.65	0.08	-0.04	0.01
21.231	0.80	0.63	-9.73	0.04	-0.03	0.07
21.258	0.91	0.74	-9.70	0.01	0.00	-0.03
21.285	0.88	0.71	-9.75	0.04	0.03	0.02
21.312	0.90	0.62	-9.75	0.01	0.07	0.05
21.339	0.94	0.70	-9.77	0.09	0.12	0.03
21.366	0.95	0.78	-9.79	-0.02	-0.08	0.01
21.396	0.88	0.67	-9.84	0.06	-0.11	-0.08
21.424	0.90	0.70	-9.73	0.02	-0.02	-0.19
21.450	0.85	0.65	-9.79	-0.03	-0.08	-0.13
21.478	0.93	0.64	-9.77	-0.01	-0.06	0.09
21.505	0.85	0.62	-9.69	-0.06	0.03	-0.07
21.532	0.88	0.72	-9.89	0.03	0.11	0.07
21.559	0.88	0.67	-9.87	0.00	0.03	-0.06
21.586	0.91	0.71	-9.69	-0.10	-0.07	0.11
21.613	0.88	0.66	-9.76	0.02	0.03	0.04
21.640	0.91	0.68	-9.75	0.00	-0.06	-0.05
21.667	0.91	0.64	-9.78	0.01	0.08	0.13
21.694	0.88	0.70	-9.74	-0.03	0.05	0.00
21.722	0.88	0.72	-9.80	0.03	0.02	-0.08
21.751	0.93	0.65	-9.78	0.02	-0.01	0.03
21.779	0.87	0.63	-9.70	-0.16	-0.11	0.09
21.806	0.93	0.65	-9.74	0.01	-0.01	-0.02
21.833	0.83	0.66	-9.83	0.06	0.02	-0.01
21.860	0.88	0.64	-9.69	-0.03	0.06	0.20
21.886	0.98	0.65	-9.73	-0.00	0.12	0.03
21.914	0.89	0.63	-9.81	-0.00	0.05	0.04
21.941	0.91	0.64	-9.68	0.09	-0.13	0.02
21.968	0.94	0.62	-9.77	0.06	-0.07	-0.06
21.995	0.83	0.62	-9.75	0.07	-0.03	0.01
22.023	0.93	0.68	-9.83	-0.05	0.11	-0.03
22.049	0.87	0.65	-9.82	-0.00	-0.03	0.02
22.092	0.91	0.68	-9.77	-0.01	-0.01	0.02
22.122	0.95	0.70	-9.81	0.01	0.03	-0.08
22.150	0.88	0.67	-9.72	0.03	-0.09	-0.07
22.176	0.97	0.67	-9.78	0.02	0.07	0.11
22.204	0.86	0.61	-9.80	-0.05	0.04	0.02
22.231	0.88	0.65	-9.83	0.09	-0.08	-0.05
22.258	0.90	0.65	-9.79	0.04	0.02	-0.07
22.285	0.85	0.66	-9.77	0.03	0.08	-0.01
22.312	0.86	0.65	-9.76	0.03	-0.02	0.06
22.339	0.96	0.60	-9.75	-0.03	-0.07	-0.03
22.367	0.88	0.57	-9.75	0.00	0.04	-0.05
22.393	0.91	0.66	-9.81	0.05	-0.04	-0.07
22.421	0.92	0.59	-9.77	-0.02	0.04	-0.04
22.448	0.94	0.70	-9.70	-0.01	0.03	0.03
22.477	0.91	0.63	-9.83	0.07	-0.09	0.10
22.505	0.86	0.64	-9.77	-0.01	-0.03	0.06
22.532	0.96	0.68	-9.72	0.00	0.06	-0.05
22.559	0.84	0.68	-9.73	-0.02	0.05	-0.01
22.586	0.91	0.69	-9.77	0.01	-0.12	0.03
22.614	0.91	0.60	-9.70	-0.09	0.11	0.05
22.640	0.88	0.65	-9.74	-0.07	0.08	0.03
22.668	0.82	0.65	-9.78	0.02	-0.01	-0.14
22.694	0.92	0.67	-9.85	-0.03	0.02	0.12
22.722	0.91	0.66	-9.75	0.00	0.01	-0.09
22.749	0.85	0.68	-9.80	-0.14	-0.01	-0.02
22.776	0.81	0.66	-9.83	-0.02	-0.10	0.06
22.803	0.83	0.73	-9.78	0.16	0.08	0.06
22.834	0.87	0.60	-9.70	-0.03	-0.02	-0.18
22.860	0.98	0.70	-9.73	0.08	-0.02	0.00
22.888	0.92	0.67	-9.75	-0.00	0.04	0.12
22.915	0.87	0.71	-9.76	-0.02	-0.11	0.04
22.942	0.95	0.60	-9.74	0.04	-0.03	-0.05
22.969	0.91	0.73	-9.78	-0.04	0.13	0.04
22.995	0.92	0.70	-9.78	-0.03	-0.04	0.04
23.023	0.93	0.68	-9.70	0.08	0.02	-0.09
23.050	0.93	0.65	-9.75	-0.02	-0.05	-0.01
23.077	0.84	0.65	-9.84	-0.07	0.05	0.16
23.104	0.97	0.70	-9.82	0.01	-0.02	-0.04
23.132	0.83	0.65	-9.73	-0.10	0.03	0.00
23.158	0.87	0.65	-9.76	0.01	0.00	-0.13
23.197	0.91	0.70	-9.76	-0.06	0.05	-0.02
23.224	0.91	0.68	-9.71	0.06	-0.07	0.01
23.251	0.88	0.67	-9.78	0.05	-0.08	-0.04
23.278	0.85	0.60	-9.75	-0.01	0.09	0.06
23.306	0.92	0.65	-9.76	0.09	-0.13	-0.24
23.332	0.91	0.67	-9.83	0.07	0.00	-0.05
23.360	0.87	0.65	-9.75	-0.03	0.08	0.01
23.387	0.96	0.65	-9.77	0.04	-0.15	-0.13
23.414	0.88	0.65	-9.80	0.07	0.08	-0.01
23.441	0.88	0.70	-9.82	0.04	-0.01	-0.09
23.469	0.90	0.70	-9.78	0.03	-0.04	-0.09
23.495	0.93	0.56	-9.81	-0.04	0.04	0.08
23.522	0.90	0.68	-9.73	0.06	0.03	0.13
23.553	0.90	0.68	-9.77	0.02	0.02	0.07
23.579	0.91	0.61	-9.80	-0.01	0.01	-0.01
23.607	0.84	0.71	-9.75	0.03	0.03	-0.10
23.633	0.82	0.57	-9.84	-0.00	-0.02	0.22
23.661	0.92	0.63	-9.83	-0.02	0.11	0.02
23.688	0.89	0.65	-9.78	0.07	0.03	0.03
23.714	0.88	0.60	-9.76	0.00	-0.08	0.12
23.748	0.85	0.67	-9.83	-0.00	-0.01	-0.05
23.775	0.90	0.68	-9.78	-0.05	-0.02	-0.00
23.802	0.92	0.65	-9.80	-0.01	-0.10	0.07
23.829	0.85	0.69	-9.75	0.10	-0.01	-0.10
23.857	0.86	0.66	-9.73	0.06	0.00	-0.11
23.883	0.88	0.69	-9.78	-0.02	0.09	-0.01
23.913	0.85	0.68	-9.75	0.02	-0.06	0.11
23.941	0.86	0.72	-9.69	-0.03	0.02	0.05
23.967	0.89	0.61	-9.73	0.02	0.06	-0.01
23.995	0.86	0.60	-9.75	0.12	-0.16	0.00
24.022	0.91	0.75	-9.76	-0.02	0.04	0.11
24.049	0.81	0.65	-9.80	0.02	0.03	0.19
24.076	0.88	0.65	-9.70	0.05	-0.04	-0.02
24.103	0.92	0.65	-9.83	-0.09	0.02	-0.07
24.130	0.87	0.70	-9.83	-0.01	-0.01	0.02
24.158	0.90	0.70	-9.80	0.12	-0.09	0.05
24.184	0.87	0.62	-9.74	-0.03	0.02	0.05
24.212	0.88	0.64	-9.80	-0.03	0.01	0.09
24.239	0.78	0.59	-9.76	0.06	0.05	-0.08
24.268	0.84	0.70	-9.79	0.06	-0.06	-0.06
24.296	0.88	0.69	-9.85	-0.05	0.10	0.02
24.323	0.88	0.61	-9.80	-0.01	0.07	-0.06
24.350	0.92	0.72	-9.73	0.11	-0.08	-0.05
24.377	0.84	0.69	-9.77	0.03	-0.03	-0.10
24.404	0.88	0.59	-9.72	0.03	-0.15	-0.15
24.431	0.88	0.63	-9.78	0.05	-0.06	0.02
24.459	0.85	0.66	-9.74	-0.01	0.09	-0.02
24.485	0.88	0.64	-9.79	0.01	-0.06	0.02
24.513	0.94	0.66	-9.78	0.03	0.02	0.12
24.540	0.91	0.65	-9.73	-0.05	-0.04	-0.04
24.567	0.91	0.66	-9.79	-0.07	0.07	0.12
24.594	0.93	0.60	-9.77	-0.06	-0.03	0.01
24.624	0.95	0.67	-9.80	-0.02	-0.04	-0.05
24.651	0.93	0.62	-9.73	0.03	-0.05	0.00
24.678	0.89	0.75	-9.75	0.03	-0.05	-0.17
24.706	0.91	0.73	-9.78	-0.04	0.00	0.11
24.732	0.91	0.66	-9.78	0.12	0.00	-0.08
24.760	0.89	0.62	-9.80	0.03	-0.01	0.01
24.786	0.95	0.69	-9.72	-0.00	0.04	0.05
24.814	0.88	0.67	-9.80	-0.02	-0.01	-0.12
24.841	0.86	0.61	-9.85	0.09	0.06	0.13
24.868	0.95	0.62	-9.79	-0.03	0.01	-0.08
24.911	0.87	0.62	-9.75	0.04	-0.12	0.04
24.938	0.83	0.63	-9.80	-0.03	0.04	0.04
24.966	0.84	0.68	-9.75	-0.04	0.07	-0.03
24.995	0.83	0.70	-9.78	-0.03	0.09	0.06
25.022	0.91	0.68	-9.73	-0.02	0.06	0.04
25.050	0.85	0.64	-9.84	0.01	0.06	0.03
25.076	0.88	0.70	-9.80	-0.04	0.08	-0.06
25.104	0.94	0.64	-9.75	-0.00	0.01	-0.00
25.131	0.93	0.65	-9.73	-0.04	0.06	0.07
25.158	0.88	0.70	-9.73	0.07	0.09	0.03
25.185	0.93	0.75	-9.76	0.06	-0.03	0.06
25.212	0.80	0.63	-9.88	0.03	-0.00	0.00
25.239	0.94	0.70	-9.77	0.05	0.09	0.10
25.266	0.85	0.65	-9.73	0.06	0.07	0.12
25.293	0.83	0.65	-9.73	-0.03	-0.02	-0.07
25.320	0.92	0.69	-9.72	-0.03	-0.04	0.17
25.351	0.84	0.65	-9.80	0.05	-0.12	-0.09
25.377	0.87	0.60	-9.71	-0.06	-0.06	-0.04
25.405	0.96	0.63	-9.71	-0.03	0.01	-0.12
25.432	0.91	0.73	-9.73	0.04	-0.03	-0.02
25.459	0.85	0.62	-9.72	0.02	-0.10	-0.06
25.486	0.91	0.65	-9.73	0.02	0.03	0.06
25.513	0.91	0.68	-9.78	0.09	-0.07	-0.15
25.540	0.93	0.62	-9.85	0.02	-0.02	-0.02
25.568	0.86	0.63	-9.80	0.00	-0.04	0.09
25.594	0.90	0.68	-9.81	-0.06	0.00	-0.07
25.622	0.88	0.63	-9.78	0.04	-0.03	-0.08
25.649	0.88	0.63	-9.85	0.09	0.09	0.05
25.676	0.93	0.73	-9.75	-0.02	0.07	0.12
25.706	0.91	0.70	-9.73	-0.01	-0.03	-0.00
25.734	0.88	0.62	-9.71	-0.02	0.01	-0.09
25.760	0.86	0.62	-9.80	0.01	-0.09	0.00
25.788	0.93	0.71	-9.78	-0.06	0.11	0.00
25.815	0.91	0.75	-9.63	-0.07	-0.12	0.04
25.842	0.97	0.59	-9.86	0.07	0.07	-0.00
25.869	0.88	0.80	-9.80	0.13	-0.16	0.02
25.896	0.93	0.57	-9.79	0.00	0.19	0.11
25.923	0.98	0.66	-9.75	-0.00	-0.05	-0.07
25.951	0.89	0.62	-9.85	-0.07	-0.07	-0.00
25.984	0.92	0.71	-9.79	-0.02	-0.02	-0.01
26.010	0.93	0.65	-9.75	-0.08	0.05	0.05
26.038	0.83	0.65	-9.75	-0.04	0.00	0.01
26.067	0.85	0.65	-9.80	0.00	0.08	-0.05
26.094	0.88	0.68	-9.68	0.01	-0.07	-0.05
26.122	0.84	0.70	-9.80	-0.04	0.07	0.04
26.148	0.91	0.63	-9.72	0.00	0.13	0.17
26.176	0.95	0.62	-9.75	-0.00	0.10	0.11
26.203	0.94	0.60	-9.70	0.00	-0.04	-0.14
26.230	0.85	0.70	-9.85	-0.01	-0.02	0.06
26.257	0.85	0.60	-9.80	-0.01	0.09	0.11
26.284	0.89	0.67	-9.73	-0.04	-0.10	0.01
26.311	0.91	0.65	-9.75	-0.06	0.10	0.01
26.338	0.91	0.68	-9.70	-0.00	-0.00	-0.05
26.365	0.90	0.64	-9.74	-0.03	0.02	0.07
26.392	0.91	0.74	-9.71	-0.03	-0.11	-0.01
26.423	0.88	0.63	-9.70	-0.05	0.03	-0.02
26.449	0.91	0.69	-9.85	0.08	0.04	-0.00
26.477	0.85	0.68	-9.77	0.09	0.03	-0.04
26.504	0.84	0.61	-9.77	-0.07	0.03	-0.06
26.531	0.91	0.62	-9.78	0.00	-0.03	-0.04
26.558	0.92	0.58	-9.74	-0.02	0.06	-0.00
26.586	0.93	0.67	-9.79	-0.03	-0.07	-0.12
26.612	0.88	0.57	-9.82	-0.00	-0.10	0.16
26.640	0.86	0.71	-9.77	0.02	-0.06	0.12
26.667	0.85	0.57	-9.82	-0.01	-0.08	0.05
26.694	0.91	0.67	-9.79	0.11	0.02	-0.07
26.721	0.91	0.68	-9.78	-0.06	-0.05	0.10
26.748	0.89	0.62	-9.72	-0.01	-0.03	-0.11
26.778	0.93	0.67	-9.81	-0.03	0.03	-0.07
26.806	0.85	0.75	-9.73	0.01	0.06	-0.05
26.832	0.83	0.65	-9.76	-0.04	0.07	-0.00
26.860	0.90	0.68	-9.70	-0.08	0.14	0.17
26.887	0.95	0.66	-9.77	-0.07	0.10	0.14
26.914	0.97	0.63	-9.73	-0.09	-0.04	-0.02
26.941	0.91	0.62	-9.76	0.06	-0.04	-0.05
26.969	0.91	0.62	-9.75	0.00	0.03	0.06
26.995	0.93	0.61	-9.73	0.02	-0.06	0.14
27.022	0.93	0.65	-9.75	-0.19	-0.08	0.03
27.049	0.89	0.70	-9.83	0.07	0.07	0.00
27.076	0.91	0.68	-9.85	0.09	0.01	0.10
27.104	0.95	0.70	-9.73	-0.08	0.02	0.11
27.150	0.90	0.66	-9.75	-0.07	0.11	0.03
27.176	0.98	0.57	-9.73	0.06	0.09	0.02
27.203	0.82	0.71	-9.78	-0.08	0.02	-0.11
27.231	0.85	0.62	-9.80	-0.06	0.09	0.03
27.257	0.91	0.68	-9.80	0.06	0.00	-0.12
27.285	0.91	0.59	-9.68	-0.05	0.01	-0.05
27.312	0.91	0.75	-9.74	0.00	0.00	0.06
27.339	0.85	0.74	-9.64	0.01	-0.00	0.07
27.366	0.89	0.70	-9.77	0.05	-0.01	-0.08
27.394	0.84	0.71	-9.77	0.09	0.05	-0.03
27.420	0.80	0.71	-9.73	0.00	-0.05	0.06
27.448	0.92	0.59	-9.79	-0.07	0.07	0.05
27.474	0.85	0.66	-9.73	-0.07	0.01	-0.00
27.504	0.93	0.62	-9.79	0.04	-0.21	-0.01
27.532	0.97	0.62	-9.80	0.02	-0.10	-0.08
27.558	0.89	0.62	-9.80	-0.01	-0.02	-0.02
27.586	0.91	0.64	-9.73	0.05	-0.06	-0.04
27.613	0.91	0.56	-9.82	-0.04	-0.01	0.06
27.640	0.90	0.65	-9.76	0.04	0.06	-0.09
27.667	0.96	0.59	-9.63	0.04	0.14	-0.05
27.695	0.93	0.58	-9.77	-0.01	-0.06	-0.05
27.721	0.90	0.57	-9.77	-0.04	-0.01	0.17
27.749	0.85	0.72	-9.70	-0.07	0.04	0.02
27.776	0.92	0.64	-9.76	0.02	-0.05	-0.06
27.803	0.86	0.65	-9.77	-0.03	-0.01	-0.11
27.830	0.94	0.69	-9.83	0.03	0.00	-0.01
27.860	0.88	0.62	-9.70	-0.10	0.01	0.11
27.887	0.84	0.69	-9.78	-0.02	-0.07	0.03
27.915	0.88	0.72	-9.70	-0.01	-0.00	0.09
27.941	0.92	0.70	-9.77	0.06	0.03	-0.09
27.969	0.85	0.66	-9.66	-0.07	0.10	0.07
27.996	0.92	0.65	-9.75	-0.05	0.10	0.14
28.022	0.92	0.72	-9.71	-0.07	0.05	0.04
28.050	0.86	0.66	-9.70	0.07	-0.02	0.04
28.077	0.94	0.66	-9.73	-0.07	0.10	0.16
28.104	0.91	0.62	-9.89	0.09	-0.09	0.04
28.131	0.87	0.66	-9.80	0.02	-0.00	0.03
28.158	0.93	0.70	-9.80	-0.04	0.02	-0.01
28.185	0.93	0.73	-9.73	-0.01	-0.08	0.01
28.221	0.83	0.65	-9.80	-0.01	0.04	0.00
28.249	0.95	0.61	-9.74	0.11	0.04	0.03
28.275	0.90	0.73	-9.78	0.07	-0.09	0.15
28.303	0.88	0.61	-9.70	-0.07	0.03	0.05
28.329	0.93	0.69	-9.75	0.04	0.03	0.14
28.357	0.95	0.67	-9.76	0.02	0.12	0.07
28.384	0.90	0.65	-9.82	0.03	-0.03	-0.10
28.410	0.90	0.60	-9.78	0.04	0.00	-0.06
28.438	0.91	0.64	-9.80	-0.06	0.01	0.18
28.465	0.84	0.66	-9.76	-0.06	-0.02	-0.01
28.492	0.95	0.68	-9.73	0.05	0.04	0.08
28.519	0.85	0.57	-9.78	0.01	0.08	-0.03
28.547	0.88	0.61	-9.82	-0.02	0.11	-0.01
28.576	0.92	0.65	-9.77	0.00	-0.13	-0.09
28.604	0.86	0.70	-9.80	-0.02	0.01	-0.01
28.631	0.85	0.70	-9.86	0.05	-0.01	0.01
28.657	0.91	0.72	-9.73	0.01	-0.02	-0.01
28.685	0.85	0.65	-9.75	0.00	0.00	-0.04
28.711	0.82	0.68	-9.69	0.01	0.06	-0.02
28.739	0.93	0.67	-9.78	-0.04	-0.17	0.04
28.766	0.97	0.67	-9.73	0.08	-0.09	-0.18
28.793	0.96	0.60	-9.83	0.00	0.02	-0.03
28.820	0.80	0.59	-9.80	-0.03	-0.07	0.02
28.848	0.96	0.59	-9.76	-0.05	0.01	-0.01
28.874	0.90	0.65	-9.78	-0.05	0.05	0.08
28.902	0.87	0.65	-9.73	0.00	0.00	-0.17
28.932	0.94	0.64	-9.76	0.04	-0.01	-0.09
28.958	0.84	0.66	-9.75	0.02	-0.08	0.15
28.986	0.91	0.61	-9.72	0.03	-0.04	-0.05
29.012	0.85	0.65	-9.81	-0.06	0.00	0.01
29.040	0.91	0.65	-9.70	0.04	0.08	0.06
29.067	0.91	0.68	-9.84	-0.02	-0.09	0.05
29.094	0.95	0.60	-9.80	-0.07	-0.03	0.07
29.121	0.91	0.65	-9.75	-0.03	-0.07	0.11
29.149	0.91	0.73	-9.72	-0.04	-0.11	-0.03
29.175	0.88	0.68	-9.75	-0.02	-0.08	0.04
29.203	0.88	0.65	-9.80	0.04	-0.01	0.07
29.230	0.88	0.73	-9.76	0.00	0.15	0.04
29.257	0.89	0.68	-9.73	-0.05	-0.04	0.03
29.287	0.89	0.60	-9.80	0.03	-0.04	-0.02
29.314	0.86	0.65	-9.73	0.02	-0.00	-0.03
29.358	0.95	0.63	-9.71	0.11	0.04	-0.07
29.384	0.85	0.70	-9.73	0.05	0.01	0.05
29.411	0.85	0.65	-9.76	0.02	0.06	-0.02
29.438	0.92	0.62	-9.76	0.07	0.20	-0.03
29.465	0.86	0.76	-9.85	0.03	0.01	-0.00
29.493	0.93	0.66	-9.75	-0.09	0.10	-0.18
29.519	0.87	0.77	-9.73	0.06	0.02	-0.05
29.547	0.82	0.62	-9.78	0.05	-0.04	0.05
29.574	0.88	0.73	-9.74	-0.00	-0.01	-0.01
29.601	0.91	0.72	-9.80	-0.02	-0.11	0.06
29.628	0.85	0.68	-9.76	0.00	0.06	-0.00
29.659	0.96	0.73	-9.75	-0.06	-0.04	-0.03
29.685	0.94	0.72	-9.78	0.07	-0.03	0.02
29.713	0.90	0.61	-9.68	-0.10	-0.09	0.07
29.740	0.93	0.60	-9.75	-0.03	-0.00	0.01
29.767	0.92	0.64	-9.88	-0.02	0.04	0.13
29.794	0.92	0.59	-9.78	0.04	-0.02	0.04
29.820	0.88	0.72	-9.75	-0.02	0.03	0.04
29.848	0.94	0.66	-9.77	0.07	-0.04	0.05
29.875	0.86	0.69	-9.80	-0.04	0.00	0.01
29.902	0.89	0.68	-9.85	-0.10	0.02	0.09
29.929	0.82	0.58	-9.75	0.00	-0.03	-0.06
29.957	0.89	0.68	-9.77	-0.02	-0.02	-0.05
29.983	0.95	0.66	-9.76	-0.02	0.07	-0.02
30.014	0.85	0.60	-9.78	-0.00	0.07	-0.04
30.041	0.84	0.57	-9.70	0.03	-0.03	0.01
30.067	0.96	0.70	-9.85	0.03	-0.06	0.01
30.095	0.83	0.56	-9.75	0.02	0.02	0.01
30.121	0.85	0.66	-9.71	-0.12	0.01	0.09
30.149	0.89	0.66	-9.80	-0.00	0.08	0.06
30.176	0.94	0.68	-9.77	0.05	0.18	0.12
30.203	0.88	0.61	-9.84	-0.09	0.08	0.11
30.230	1.00	0.63	-9.72	0.06	-0.05	-0.01
30.258	0.90	0.68	-9.68	-0.03	-0.10	0.03
30.284	0.94	0.67	-9.75	-0.14	-0.03	0.00
30.312	0.91	0.67	-9.75	0.03	-0.00	0.04
30.339	0.91	0.73	-9.78	0.03	-0.04	0.05
30.369	0.96	0.65	-9.73	0.06	-0.04	-0.20
30.396	0.88	0.64	-9.76	0.05	0.05	0.03
30.423	0.83	0.62	-9.78	-0.01	0.07	0.05
30.456	0.88	0.68	-9.70	0.01	-0.04	0.06
30.483	0.85	0.70	-9.75	0.13	0.07	-0.09
30.510	0.90	0.53	-9.80	-0.06	-0.04	-0.06
30.537	0.91	0.68	-9.77	0.01	0.00	0.03
30.564	0.82	0.66	-9.78	0.01	-0.09	-0.05
30.592	0.94	0.66	-9.71	-0.03	-0.16	-0.03
30.618	0.85	0.68	-9.80	-0.01	0.04	0.06
30.646	0.93	0.68	-9.73	-0.06	0.10	0.01
30.672	0.91	0.65	-9.80	0.09	-0.07	-0.03
30.700	0.85	0.72	-9.77	0.03	-0.03	0.00
30.730	0.86	0.63	-9.80	0.05	0.06	-0.04
30.757	0.90	0.68	-9.78	-0.03	-0.06	-0.04
30.784	0.88	0.65	-9.70	0.07	-0.02	-0.04
30.812	0.90	0.64	-9.80	0.01	0.03	0.10
30.838	0.89	0.61	-9.79	-0.05	0.04	-0.03
30.865	0.93	0.69	-9.81	0.04	-0.03	-0.05
30.893	0.93	0.60	-9.74	0.01	-0.12	-0.03
30.919	0.89	0.58	-9.77	-0.06	0.09	0.03
30.947	0.88	0.55	-9.76	-0.01	-0.05	-0.01
30.974	0.93	0.61	-9.78	0.03	0.00	-0.08
31.001	0.92	0.59	-9.76	0.01	0.04	0.09
31.028	0.88	0.69	-9.75	-0.03	0.02	-0.00
31.055	0.93	0.62	-9.71	-0.00	-0.05	-0.05
31.085	0.91	0.62	-9.78	0.04	0.00	-0.01
31.113	0.92	0.60	-9.70	0.10	-0.06	-0.01
31.139	0.93	0.72	-9.74	-0.01	0.06	0.06
31.167	0.88	0.61	-9.83	-0.01	0.07	0.05
31.194	0.87	0.68	-9.77	0.08	0.02	-0.02
31.220	0.85	0.66	-9.73	-0.02	-0.03	-0.02
31.248	0.88	0.66	-9.77	-0.03	0.02	0.07
31.275	0.89	0.63	-9.73	0.01	-0.06	0.12
31.302	0.89	0.60	-9.74	-0.01	-0.14	-0.04
31.329	0.93	0.66	-9.74	0.01	-0.05	0.09
31.356	0.83	0.62	-9.74	-0.06	-0.08	-0.10
31.384	0.90	0.74	-9.84	0.02	0.01	0.14
31.411	0.83	0.57	-9.70	0.03	0.03	-0.15
31.440	0.91	0.63	-9.75	0.03	0.02	-0.08
31.468	0.88	0.75	-9.78	0.05	0.07	-0.18
31.495	0.86	0.65	-9.76	-0.02	0.09	0.01
31.522	0.89	0.62	-9.73	-0.06	0.01	0.16
31.549	0.80	0.62	-9.78	-0.09	-0.05	-0.01
31.592	0.87	0.67	-9.73	0.07	-0.04	-0.07
31.620	0.89	0.65	-9.78	0.13	-0.04	-0.26
31.646	0.92	0.60	-9.80	-0.06	-0.01	0.04
31.674	0.89	0.66	-9.83	-0.03	0.04	0.10
31.700	0.88	0.72	-9.78	0.07	-0.01	-0.03
31.728	0.90	0.65	-9.78	-0.01	0.01	0.10
31.755	0.89	0.66	-9.78	-0.05	0.00	-0.00
31.782	0.80	0.64	-9.76	0.01	0.00	-0.07
31.812	0.87	0.60	-9.83	-0.12	-0.07	-0.04
31.840	0.92	0.64	-9.83	0.01	0.01	-0.04
31.866	0.85	0.60	-9.73	0.01	-0.00	0.02
31.893	0.85	0.68	-9.75	-0.05	0.01	-0.14
31.921	0.85	0.70	-9.76	0.01	0.05	-0.06
31.947	0.88	0.70	-9.79	-0.02	-0.00	0.05
31.975	0.91	0.62	-9.78	0.05	-0.00	-0.01
32.002	0.80	0.50	-9.78	0.05	-0.01	0.10
32.029	0.93	0.65	-9.73	0.02	-0.01	0.05
32.056	0.93	0.73	-9.73	0.05	0.12	0.07
32.083	0.85	0.69	-9.70	-0.08	0.01	0.08
32.110	0.91	0.81	-9.74	-0.10	-0.14	0.07
32.138	0.88	0.68	-9.75	-0.00	-0.06	-0.06
32.167	0.97	0.63	-9.76	-0.03	-0.01	0.03
32.194	0.93	0.66	-9.81	0.03	-0.07	0.09
32.222	0.88	0.58	-9.72	-0.03	-0.05	-0.04
32.248	0.90	0.63	-9.85	0.04	0.01	-0.01
32.276	0.98	0.61	-9.74	0.09	0.11	0.02
32.303	0.94	0.60	-9.78	-0.00	-0.06	0.03
32.330	0.87	0.65	-9.81	0.03	-0.00	0.04
32.357	0.93	0.64	-9.71	-0.02	-0.02	0.01
32.385	0.88	0.70	-9.76	-0.01	0.06	0.03
32.411	0.91	0.69	-9.78	-0.11	-0.01	0.06
32.439	0.84	0.68	-9.71	0.07	0.08	0.04
32.465	0.91	0.66	-9.82	0.00	0.01	-0.01
32.492	0.91	0.79	-9.81	0.02	0.08	-0.01
32.523	0.94	0.78	-9.73	0.07	0.03	-0.06
32.549	0.93	0.57	-9.70	0.08	0.06	0.03
32.577	0.85	0.74	-9.78	0.06	-0.03	0.04
32.604	0.91	0.62	-9.73	0.03	0.11	-0.06
32.631	0.84	0.70	-9.85	-0.04	0.01	0.07
32.658	0.91	0.70	-9.78	-0.02	0.06	0.09
32.691	0.87	0.69	-9.76	-0.00	0.00	-0.12
32.718	0.86	0.64	-9.74	0.01	-0.02	0.16
32.745	0.86	0.65	-9.81	0.10	-0.13	-0.08
32.773	0.87	0.68	-9.83	0.01	-0.02	-0.02
32.799	0.91	0.65	-9.77	-0.10	0.02	0.02
32.827	0.87	0.62	-9.84	-0.02	-0.01	-0.03
32.854	0.91	0.65	-9.72	0.05	-0.02	-0.04
32.883	0.93	0.65	-9.80	-0.01	0.03	0.12
32.911	0.98	0.57	-9.80	-0.07	0.01	-0.01
32.937	0.89	0.61	-9.80	0.09	-0.05	-0.03
32.965	0.87	0.63	-9.68	0.02	-0.03	0.01
32.992	0.87	0.75	-9.78	0.02	-0.07	0.03
33.019	0.87	0.65	-9.78	0.04	-0.01	0.05
33.046	0.99	0.64	-9.69	0.04	0.01	-0.01
33.074	0.88	0.56	-9.74	-0.04	0.04	-0.07
33.100	0.91	0.64	-9.77	-0.03	0.03	0.11
33.128	0.92	0.65	-9.72	0.01	0.01	0.02
33.155	0.92	0.70	-9.70	-0.01	-0.00	0.06
33.181	0.91	0.60	-9.79	0.00	0.15	-0.03
33.209	0.91	0.65	-9.73	0.01	-0.04	0.05
33.239	0.87	0.62	-9.68	0.10	-0.04	-0.00
33.266	0.87	0.71	-9.78	-0.01	-0.07	0.04
33.293	0.86	0.75	-9.78	0.05	0.05	-0.03
33.320	0.70	1.13	-9.70	0.04	0.00	0.03
33.347	1.06	-0.54	-10.00	0.09	-0.06	-0.09
33.375	0.98	1.59	-9.42	-0.12	0.10	-0.04
33.401	0.95	0.38	-9.96	0.03	-0.06	0.01
33.429	0.81	0.43	-9.62	0.02	-0.11	-0.01
33.456	0.92	1.09	-9.77	0.03	0.02	-0.05
33.482	0.91	0.19	-9.75	-0.01	-0.02	-0.01
33.510	0.91	1.01	-9.65	-0.01	-0.07	-0.00
33.538	0.88	0.28	-9.85	-0.08	-0.02	0.01
33.564	0.88	0.80	-9.78	-0.05	0.03	0.01
33.594	0.94	0.54	-9.78	0.05	0.00	0.09
33.622	0.85	0.68	-9.74	0.02	-0.03	-0.07
33.648	0.88	0.66	-9.73	0.00	0.10	0.02
33.675	0.99	0.47	-9.85	0.03	-0.03	0.04
33.702	0.86	0.78	-9.78	-0.07	0.08	0.09
33.729	0.98	0.47	-9.75	-0.01	-0.03	-0.11
33.757	0.90	0.78	-9.73	0.06	0.03	-0.11
33.783	0.87	0.70	-9.75	0.00	-0.04	-0.08
33.826	0.91	0.66	-9.66	-0.03	0.17	0.00
33.854	0.87	0.60	-9.81	0.02	0.04	-0.08
33.881	0.96	0.72	-9.81	-0.10	-0.02	0.06
33.908	0.88	0.57	-9.70	0.04	-0.05	-0.15
33.935	0.98	0.65	-9.75	-0.05	0.07	0.05
33.966	0.85	0.70	-9.75	0.06	-0.03	-0.13
33.992	0.91	0.65	-9.79	-0.05	0.04	0.02
34.019	0.91	0.65	-9.81	0.03	-0.03	0.04
34.046	0.87	0.62	-9.78	-0.03	0.12	-0.02
34.073	0.88	0.64	-9.78	0.06	0.03	0.04
34.101	0.91	0.60	-9.81	0.10	0.01	-0.05
34.127	0.93	0.67	-9.81	-0.01	-0.01	-0.05
34.155	0.96	0.55	-9.85	-0.07	-0.01	0.09
34.182	0.97	0.65	-9.71	0.05	-0.03	-0.09
34.209	0.86	0.66	-9.75	0.01	-0.07	-0.01
34.236	0.80	0.61	-9.75	0.00	0.01	0.08
34.264	0.88	0.68	-9.74	-0.00	-0.07	-0.03
34.290	0.85	0.72	-9.67	-0.03	-0.08	-0.02
34.321	0.91	0.63	-9.78	0.05	-0.06	-0.02
34.348	0.97	0.62	-9.72	0.00	0.08	0.03
34.374	0.91	0.62	-9.73	-0.02	0.13	-0.01
34.402	0.95	0.72	-9.79	0.09	0.02	-0.02
34.428	0.85	0.65	-9.73	0.04	0.01	-0.15
34.456	0.89	0.65	-9.78	-0.03	-0.06	0.04
34.483	0.86	0.72	-9.85	-0.17	-0.01	0.12
34.510	0.88	0.64	-9.70	0.02	-0.02	0.03
34.537	0.88	0.75	-9.80	-0.00	-0.04	0.05
34.565	0.88	0.71	-9.69	0.02	0.06	-0.04
34.591	0.89	0.65	-9.78	-0.08	0.19	0.03
34.619	0.96	0.62	-9.71	0.00	0.06	0.07
34.646	0.96	0.60	-9.76	-0.08	0.09	-0.09
34.675	0.88	0.66	-9.82	0.01	-0.05	-0.01
34.703	0.85	0.69	-9.70	-0.12	0.02	0.12
34.729	0.83	0.61	-9.82	0.02	-0.00	-0.09
34.757	0.93	0.66	-9.77	0.00	-0.13	0.11
34.784	0.90	0.63	-9.81	-0.02	0.04	-0.01
34.811	0.93	0.62	-9.82	0.04	0.07	0.06
34.838	0.79	0.62	-9.74	0.03	0.08	-0.03
34.866	0.91	0.67	-9.75	0.02	0.04	0.04
34.892	0.96	0.65	-9.72	0.00	0.01	0.07
34.920	0.88	0.62	-9.76	-0.02	0.02	-0.07
34.947	0.84	0.57	-9.76	-0.06	-0.01	-0.00
34.974	0.85	0.60	-9.76	-0.03	-0.03	-0.02
35.001	0.93	0.59	-9.70	-0.03	-0.12	-0.18
35.032	0.87	0.65	-9.83	0.05	0.04	-0.06
35.058	0.84	0.67	-9.78	-0.04	0.13	-0.07
35.085	0.89	0.62	-9.80	-0.07	-0.00	0.03
35.112	0.86	0.67	-9.86	-0.04	0.03	-0.06
35.140	0.98	0.62	-9.75	0.09	-0.04	-0.04
35.173	0.93	0.65	-9.75	-0.06	0.00	0.01
35.200	0.88	0.60	-9.74	0.03	0.04	-0.03
35.227	0.86	0.62	-9.78	-0.01	-0.07	0.14
35.254	0.86	0.61	-9.75	-0.09	0.12	0.07
35.281	0.91	0.69	-9.83	0.01	-0.03	-0.09
35.308	0.93	0.68	-9.80	-0.04	0.01	0.10
35.335	0.91	0.64	-9.79	0.01	-0.06	0.00
35.362	0.85	0.70	-9.72	0.02	0.02	-0.22
35.387	0.88	0.62	-9.69	-0.06	-0.02	-0.13
35.415	0.91	0.62	-9.68	-0.03	0.05	0.08
35.441	0.98	0.61	-9.74	-0.04	-0.02	-0.01
35.469	0.91	0.69	-9.85	0.03	-0.02	0.03
35.495	0.88	0.68	-9.71	-0.10	0.01	0.13
35.523	0.88	0.60	-9.75	0.08	0.01	-0.01
35.550	0.90	0.70	-9.73	-0.00	-0.05	0.07
35.577	0.83	0.69	-9.70	0.03	-0.07	-0.06
35.604	0.96	0.65	-9.68	-0.02	-0.02	-0.10
35.632	0.91	0.67	-9.79	0.03	0.01	0.06
35.658	0.88	0.65	-9.76	0.00	0.02	-0.09
35.686	0.87	0.68	-9.76	-0.03	-0.06	0.17
35.716	0.88	0.58	-9.78	-0.05	0.04	0.04
35.742	0.93	0.65	-9.78	-0.06	-0.04	0.07
35.770	0.90	0.56	-9.75	0.10	-0.08	-0.10
35.796	0.88	0.63	-9.70	0.01	0.07	-0.05
35.824	0.88	0.62	-9.78	0.06	-0.01	0.04
35.851	0.88	0.68	-9.70	0.02	-0.07	0.10
35.878	0.83	0.73	-9.68	-0.03	-0.06	-0.06
35.905	0.97	0.62	-9.78	0.08	0.03	-0.01
35.933	0.87	0.62	-9.73	0.07	-0.03	-0.06
35.959	0.96	0.61	-9.78	0.03	-0.05	-0.16
35.987	1.15	0.55	-9.52	0.03	0.11	0.03
36.014	0.76	0.12	-9.98	-0.07	-0.01	0.05
36.041	1.26	0.65	-9.48	0.07	0.08	-0.05
36.071	1.19	0.21	-9.95	0.00	0.05	-0.03
36.099	0.73	0.09	-9.73	-0.00	0.12	-0.08
36.125	1.13	1.64	-9.64	0.03	0.01	0.04
36.152	1.03	0.14	-9.83	0.06	-0.02	0.08
36.179	0.86	1.43	-9.50	0.03	-0.09	-0.00
36.206	0.25	-0.56	-9.89	-0.04	0.03	0.10
36.234	0.85	1.57	-9.62	0.06	0.01	0.01
36.260	1.31	-0.11	-9.96	-0.09	-0.06	-0.02
36.288	1.41	1.31	-9.67	0.05	-0.03	-0.14
36.316	0.25	0.47	-9.78	0.05	-0.09	-0.02
36.342	1.03	1.58	-9.34	-0.04	-0.07	0.04
36.370	2.30	-0.83	-9.78	0.14	-0.01	0.04
36.397	1.29	0.37	-9.79	-0.05	-0.10	0.01
36.427	0.39	0.55	-9.65	0.07	-0.03	0.04
36.454	0.67	0.65	-9.88	0.01	0.05	0.07
36.481	0.96	0.83	-9.89	-0.05	-0.04	-0.10
36.508	0.67	0.46	-9.75	0.05	-0.04	-0.04
36.535	1.19	0.36	-9.66	0.05	-0.04	-0.11
36.562	1.16	0.77	-9.84	0.04	0.05	-0.02
36.589	1.25	0.57	-9.71	-0.05	0.09	0.00
36.617	1.21	0.40	-9.81	-0.00	0.04	0.07
36.643	1.05	0.82	-9.63	-0.06	0.03	0.10
36.671	0.80	0.70	-9.71	0.06	-0.09	-0.03
36.698	0.40	1.02	-9.48	-0.09	-0.04	-0.07
36.725	0.89	0.47	-9.52	-0.14	0.03	0.02
36.752	0.75	0.78	-9.80	0.02	-0.03	0.00
36.783	0.81	0.63	-9.63	0.01	0.02	0.04
36.809	0.85	0.68	-9.65	0.01	-0.14	0.08
36.837	0.83	0.60	-9.78	0.01	-0.01	-0.05
36.864	1.03	0.72	-9.72	-0.01	0.25	0.05
36.891	1.01	0.68	-9.78	0.05	0.01	-0.01
36.918	1.04	0.66	-9.80	0.05	0.09	0.05
36.944	1.39	0.52	-9.69	0.01	0.12	0.06
36.972	-0.24	1.49	-12.70	0.04	0.14	-0.24
37.000	-0.90	0.86	-9.00	-0.04	-0.01	0.16
37.026	0.87	0.65	-10.19	0.08	0.01	-0.02
37.054	0.70	0.45	-9.56	0.10	-0.02	-0.10
37.081	1.01	1.84	-9.39	-0.10	-0.02	0.11
37.108	2.37	-0.22	-10.03	-0.09	-0.02	-0.00
37.138	0.23	1.39	-8.46	0.04	-0.19	0.03
37.166	1.71	0.00	-9.63	-0.09	0.10	-0.11
37.192	1.54	-0.32	-10.31	-0.01	0.09	0.13
37.220	1.24	0.88	-9.51	0.04	-0.03	-0.06
37.246	1.22	0.39	-9.96	0.01	0.01	-0.04
37.274	1.04	0.33	-9.73	-0.14	-0.10	-0.01
37.301	0.76	1.03	-9.75	0.03	-0.04	-0.00
37.328	0.82	0.26	-9.77	-0.06	-0.09	-0.03
37.355	0.80	0.81	-9.78	-0.03	0.14	-0.02
37.383	0.77	0.55	-9.76	0.00	-0.05	-0.03
37.427	0.85	0.72	-9.73	0.10	0.00	-0.06
37.453	0.88	0.57	-9.77	-0.03	-0.01	0.03
37.480	0.86	0.60	-9.78	0.06	0.01	0.00
37.511	0.95	0.62	-9.78	-0.11	0.03	0.05
37.537	0.97	0.65	-9.72	-0.01	0.03	0.10
37.565	0.90	0.57	-9.68	0.01	0.08	-0.00
37.592	0.87	0.62	-9.71	0.07	-0.05	-0.03
37.619	0.88	0.64	-9.78	-0.02	0.02	-0.05
37.646	1.16	0.04	-9.82	0.00	0.03	0.07
37.672	1.06	0.61	-9.78	-0.03	0.13	-0.06
37.700	0.81	0.45	-9.88	0.02	0.02	0.10
37.727	1.11	0.42	-9.56	-0.03	0.00	0.03
37.754	1.05	1.44	-9.78	0.06	-0.04	0.00
37.781	0.71	0.59	-9.63	0.08	-0.07	-0.07
37.809	0.93	0.98	-9.71	0.05	-0.06	-0.01
37.835	0.55	1.07	-9.77	0.02	-0.00	-0.18
37.866	0.69	1.46	-8.93	-0.01	-0.03	-0.06
37.893	1.06	1.50	-10.14	-0.08	0.09	0.09
37.920	1.17	0.77	-9.68	-0.06	-0.00	-0.01
37.947	1.46	1.69	-9.62	0.04	0.00	-0.00
37.975	1.11	0.24	-9.73	0.12	-0.10	0.15
38.001	0.99	0.22	-9.63	0.09	-0.01	-0.10
38.029	0.86	0.88	-9.70	-0.07	0.02	0.04
38.055	0.76	0.58	-9.63	0.03	0.00	-0.03
38.083	0.87	0.28	-10.01	0.03	-0.03	0.07
38.110	0.67	0.86	-9.78	0.01	0.02	-0.05
38.137	0.78	0.35	-9.75	0.04	0.02	0.15
38.164	0.85	0.53	-9.73	0.00	-0.07	0.02
38.192	0.84	0.42	-9.73	0.07	-0.09	-0.02
38.221	1.07	0.50	-9.77	0.12	0.03	0.02
38.248	1.13	0.63	-9.73	0.12	-0.04	0.12
38.276	0.85	0.64	-9.75	-0.01	-0.09	0.10
