Time 	 AccX 	 AccY 	 AccZ 	 GyroX 	 GyroY 	 GyroZ
0.565	0.93	0.55	-9.74	-0.05	-0.06	0.06
0.591	1.03	0.52	-9.84	-0.05	-0.08	0.14
0.618	0.96	0.62	-9.78	0.02	-0.01	-0.02
0.646	0.93	0.57	-9.75	0.08	0.01	0.05
0.672	0.91	0.63	-9.75	-0.04	-0.06	-0.13
0.700	0.96	0.48	-9.68	0.00	0.02	0.08
0.727	0.96	0.57	-9.81	-0.05	-0.13	-0.08
0.753	0.93	0.60	-9.78	-0.05	0.07	0.19
0.781	0.92	0.57	-9.75	0.00	-0.00	0.01
0.807	0.91	0.62	-9.82	-0.07	-0.00	0.09
0.834	0.98	0.68	-9.80	-0.01	-0.03	-0.11
0.862	0.92	0.57	-9.72	-0.06	-0.03	0.07
0.891	1.00	0.50	-9.75	0.05	0.06	-0.07
0.918	0.98	0.59	-9.81	-0.09	0.03	0.07
0.946	0.88	0.59	-9.78	0.11	0.05	0.01
0.972	0.98	0.56	-9.72	0.03	0.13	-0.08
0.999	0.91	0.55	-9.73	0.11	-0.02	0.02
1.027	0.91	0.57	-9.88	0.00	0.12	0.01
1.053	1.04	0.60	-9.69	0.06	-0.12	-0.06
1.081	0.93	0.58	-9.72	0.02	0.00	-0.04
1.107	0.93	0.60	-9.79	-0.03	-0.00	0.09
1.134	0.96	0.54	-9.73	-0.09	-0.00	0.03
1.162	0.91	0.59	-9.73	-0.06	-0.06	0.10
1.188	0.97	0.56	-9.69	0.02	0.03	0.03
1.215	0.88	0.52	-9.73	-0.11	-0.10	0.09
1.243	0.95	0.50	-9.79	-0.08	-0.01	-0.07
1.272	0.94	0.56	-9.71	0.08	-0.07	-0.11
1.300	0.98	0.55	-9.85	0.00	0.07	0.05
1.327	0.88	0.60	-9.80	0.03	0.04	0.03
1.353	0.97	0.53	-9.85	0.05	-0.10	0.08
1.380	0.92	0.59	-9.81	0.02	-0.10	-0.03
1.408	0.98	0.50	-9.73	0.03	-0.04	0.10
1.434	0.92	0.55	-9.73	-0.06	0.06	0.01
1.462	0.96	0.65	-9.71	0.02	0.01	0.11
1.488	0.99	0.52	-9.78	-0.01	0.06	0.00
1.515	0.91	0.60	-9.88	-0.03	0.07	-0.04
1.543	0.93	0.56	-9.70	-0.09	0.12	-0.14
1.569	0.88	0.61	-9.75	-0.10	-0.03	-0.01
1.597	0.91	0.53	-9.75	0.00	-0.03	-0.14
1.627	0.90	0.55	-9.73	-0.03	0.04	0.05
1.653	0.94	0.61	-9.75	-0.02	-0.02	0.08
1.681	1.00	0.63	-9.75	0.00	0.07	-0.07
1.708	0.88	0.55	-9.72	-0.09	0.07	0.06
1.734	0.95	0.58	-9.78	-0.04	0.01	-0.12
1.762	0.97	0.62	-9.75	-0.04	-0.06	-0.04
1.788	0.93	0.58	-9.80	-0.03	0.00	-0.00
1.816	0.96	0.55	-9.82	0.04	-0.06	-0.00
1.843	0.93	0.57	-9.74	0.03	0.17	0.08
1.869	0.96	0.62	-9.78	0.11	-0.01	-0.06
1.897	0.97	0.57	-9.73	-0.00	0.03	0.09
1.924	0.96	0.53	-9.70	0.01	-0.04	0.01
1.950	0.98	0.54	-9.76	0.00	-0.06	0.03
1.981	0.91	0.61	-9.83	-0.00	-0.05	0.00
2.008	0.92	0.62	-9.73	0.00	-0.07	-0.03
2.034	0.98	0.57	-9.74	-0.07	-0.01	-0.06
2.062	0.97	0.60	-9.81	0.10	-0.07	-0.14
2.088	0.96	0.66	-9.79	0.01	-0.02	-0.15
2.115	0.99	0.60	-9.75	-0.02	-0.03	0.03
2.143	0.98	0.58	-9.85	0.00	-0.14	0.06
2.169	0.91	0.58	-9.75	-0.10	0.03	-0.00
2.197	0.88	0.65	-9.75	0.04	-0.12	0.06
2.224	0.91	0.59	-9.78	-0.00	0.11	-0.10
2.250	0.98	0.60	-9.73	0.05	-0.13	-0.05
2.284	0.98	0.52	-9.73	0.05	-0.09	-0.08
2.311	0.91	0.49	-9.70	-0.03	0.00	-0.01
2.337	0.84	0.54	-9.73	0.06	0.00	-0.02
2.367	0.98	0.62	-9.84	-0.02	0.02	0.08
2.395	0.90	0.55	-9.78	0.12	-0.02	-0.01
2.421	0.99	0.57	-9.77	-0.07	-0.04	0.00
2.448	0.96	0.62	-9.75	0.05	-0.23	0.03
2.476	0.92	0.57	-9.82	-0.02	0.00	-0.08
2.502	0.92	0.56	-9.80	0.04	-0.01	-0.07
2.530	0.99	0.55	-9.73	0.02	-0.05	0.10
2.556	0.96	0.56	-9.74	-0.02	0.02	0.00
2.583	0.92	0.56	-9.88	-0.05	0.00	0.11
2.611	0.97	0.52	-9.75	0.05	0.03	0.07
2.637	0.94	0.58	-9.77	-0.00	0.00	-0.11
2.664	0.90	0.58	-9.72	0.07	-0.05	-0.03
2.692	0.94	0.60	-9.73	0.01	-0.04	0.10
2.721	0.89	0.61	-9.76	-0.04	0.08	0.03
2.748	0.88	0.55	-9.71	0.06	-0.02	0.10
2.776	0.97	0.57	-9.72	-0.05	0.01	-0.07
2.802	0.98	0.47	-9.72	0.01	-0.09	-0.01
2.830	1.00	0.60	-9.78	0.00	-0.14	0.06
2.856	0.92	0.60	-9.75	0.08	0.01	-0.04
2.883	0.97	0.61	-9.80	0.08	-0.05	-0.05
2.911	0.88	0.53	-9.82	-0.06	-0.11	0.02
2.937	0.91	0.67	-9.70	0.00	0.00	-0.02
2.964	0.93	0.54	-9.74	-0.13	-0.07	0.03
2.992	0.95	0.52	-9.65	0.00	0.09	-0.09
3.018	0.98	0.53	-9.78	-0.06	0.09	0.14
3.046	0.94	0.47	-9.74	-0.06	0.03	0.15
3.076	0.91	0.59	-9.77	-0.01	0.00	-0.03
3.102	0.96	0.62	-9.75	0.03	-0.06	-0.04
3.130	0.91	0.52	-9.76	-0.01	-0.06	0.02
3.156	0.87	0.59	-9.74	0.02	-0.03	0.10
3.183	0.96	0.69	-9.77	-0.07	-0.03	-0.13
3.211	0.91	0.55	-9.83	-0.01	-0.06	-0.00
3.237	0.96	0.62	-9.73	-0.04	-0.07	0.01
3.265	0.96	0.51	-9.73	-0.09	-0.01	-0.02
3.292	0.98	0.57	-9.83	0.00	-0.11	-0.09
3.318	0.94	0.56	-9.79	0.03	0.01	-0.06
3.346	0.94	0.58	-9.74	0.12	-0.14	-0.10
3.373	0.99	0.63	-9.78	0.05	0.01	-0.02
3.400	0.91	0.57	-9.79	0.07	-0.04	0.01
3.430	0.90	0.54	-9.73	0.01	-0.04	-0.13
3.457	1.00	0.62	-9.75	0.00	-0.06	-0.09
3.483	0.98	0.61	-9.85	0.00	-0.02	-0.01
3.511	1.02	0.54	-9.80	-0.01	-0.05	0.03
3.537	0.94	0.60	-9.79	-0.00	-0.08	-0.07
3.565	0.92	0.56	-9.78	0.00	-0.01	-0.02
3.592	0.99	0.57	-9.75	-0.04	0.06	0.21
3.618	0.97	0.57	-9.75	0.07	0.02	0.01
3.646	0.93	0.65	-9.74	-0.01	-0.05	-0.08
3.673	0.99	0.60	-9.76	-0.05	-0.00	0.03
3.700	0.96	0.59	-9.81	0.01	-0.00	0.01
3.727	0.90	0.60	-9.78	0.10	0.04	0.04
3.753	0.90	0.57	-9.68	0.00	0.03	-0.14
3.781	1.00	0.60	-9.81	-0.14	0.10	0.05
3.811	0.99	0.57	-9.78	-0.07	0.03	0.04
3.837	0.88	0.55	-9.65	0.09	-0.02	-0.05
3.865	0.94	0.65	-9.81	-0.02	-0.06	0.03
3.892	0.94	0.62	-9.79	-0.01	0.04	0.04
3.918	0.88	0.63	-9.73	0.02	-0.03	-0.05
3.946	0.92	0.53	-9.75	0.05	0.05	-0.03
3.973	0.98	0.59	-9.84	0.02	-0.00	0.04
3.999	0.89	0.50	-9.80	0.07	-0.06	0.01
4.027	0.95	0.67	-9.71	0.03	-0.01	-0.08
4.054	0.85	0.60	-9.65	0.00	0.07	-0.08
4.081	0.85	0.62	-9.73	0.04	-0.21	-0.19
4.108	0.92	0.60	-9.74	0.03	0.06	0.07
4.134	0.95	0.60	-9.73	-0.01	0.04	-0.01
4.165	1.01	0.53	-9.70	0.04	0.07	0.05
4.192	0.96	0.55	-9.79	-0.02	0.08	-0.01
4.218	0.96	0.57	-9.80	0.00	0.04	0.02
4.246	0.96	0.54	-9.78	-0.06	-0.02	0.17
4.273	1.01	0.60	-9.73	-0.03	0.07	-0.11
4.299	1.00	0.62	-9.78	0.03	-0.03	0.01
4.327	0.93	0.54	-9.69	0.02	0.06	0.13
4.354	0.92	0.55	-9.83	0.03	0.04	0.12
4.380	0.89	0.49	-9.80	-0.03	0.02	-0.04
4.408	0.92	0.59	-9.70	0.04	0.08	0.05
4.434	0.90	0.55	-9.70	-0.06	0.06	0.09
4.462	1.01	0.58	-9.73	0.05	-0.11	0.15
4.506	0.93	0.65	-9.80	0.03	-0.03	0.12
4.533	0.93	0.61	-9.77	0.03	0.10	0.03
4.562	0.98	0.57	-9.78	-0.08	0.10	0.01
4.590	0.89	0.63	-9.78	-0.02	-0.10	0.13
4.617	0.93	0.59	-9.77	0.01	-0.06	-0.00
4.644	0.91	0.54	-9.75	0.11	0.03	0.08
4.671	0.95	0.61	-9.68	-0.03	0.01	0.00
4.698	0.88	0.55	-9.80	-0.02	-0.01	0.07
4.725	0.88	0.68	-9.78	-0.11	-0.03	-0.01
4.752	0.88	0.63	-9.72	0.07	-0.11	-0.06
4.780	0.92	0.62	-9.82	0.11	0.02	0.03
4.806	0.87	0.55	-9.78	-0.08	-0.09	-0.04
4.833	1.03	0.59	-9.77	-0.04	-0.04	0.15
4.860	0.96	0.56	-9.76	-0.05	-0.03	-0.13
4.887	0.94	0.65	-9.80	-0.06	0.00	0.13
4.917	0.87	0.56	-9.75	0.04	-0.07	0.02
4.944	0.96	0.56	-9.73	-0.04	-0.07	0.05
4.971	0.87	0.57	-9.77	-0.09	0.05	0.00
4.999	0.91	0.68	-9.67	0.07	-0.02	-0.03
5.025	0.98	0.66	-9.75	0.01	0.05	0.06
5.052	1.01	0.54	-9.75	0.04	-0.02	0.01
5.080	0.92	0.58	-9.78	0.04	0.03	0.10
5.106	0.97	0.57	-9.83	-0.07	0.02	-0.12
5.133	0.98	0.50	-9.76	-0.05	0.08	0.11
5.160	0.93	0.60	-9.72	-0.01	0.11	0.06
5.187	0.89	0.55	-9.79	0.09	-0.08	-0.17
5.215	0.96	0.60	-9.80	-0.03	0.09	0.01
5.241	1.16	0.00	-9.34	0.03	0.13	0.02
5.271	-0.04	0.03	-10.09	-0.05	-0.06	0.04
5.299	-16.88	-9.37	-21.66	0.23	0.20	0.27
5.325	2.82	5.22	-10.76	-0.06	-0.11	0.00
5.353	13.58	-0.69	-8.32	0.12	0.02	0.10
5.380	9.38	0.87	-5.64	-0.02	0.16	0.01
5.407	9.44	-12.33	-14.95	-0.10	0.20	0.18
5.434	7.08	4.70	-1.52	0.02	0.03	-0.06
5.462	7.64	-2.51	-3.17	-0.10	-0.05	-0.10
5.488	16.53	1.24	-4.08	-0.35	-0.20	-0.10
5.516	11.36	-1.44	-6.29	0.40	-0.04	0.11
5.542	4.18	-1.87	-5.43	0.01	0.09	-0.02
5.570	0.01	3.87	-8.94	-0.01	-0.15	-0.03
5.597	4.14	-0.01	-7.66	0.09	0.00	0.05
5.626	4.46	6.20	-10.26	-0.19	0.03	-0.06
5.654	4.22	-5.37	-3.79	0.05	-0.03	0.09
5.681	10.17	-8.79	-7.77	0.08	0.06	0.08
5.708	10.42	-0.61	-10.88	-0.13	0.01	-0.07
5.735	1.57	1.03	-9.74	0.22	0.20	0.13
5.763	-1.22	1.57	-7.45	-0.06	0.19	-0.12
5.789	8.02	3.94	-11.28	-0.00	-0.02	0.04
5.817	6.79	5.51	-12.61	-0.05	0.17	-0.19
5.843	4.18	3.23	-13.17	-0.10	-0.01	-0.02
5.871	5.08	2.36	-7.00	0.09	0.30	-0.11
5.898	4.48	-0.79	-9.68	-0.14	-0.03	0.03
5.925	9.78	2.58	-11.96	-0.14	-0.08	-0.27
5.952	-7.30	0.82	-8.31	0.13	0.16	0.23
5.983	2.70	1.55	-8.76	-0.27	-0.01	-0.06
6.009	1.99	-2.02	-8.37	0.05	-0.07	-0.14
6.037	3.02	-1.60	-8.39	-0.07	-0.16	0.04
6.064	1.72	-0.47	-10.54	-0.13	-0.12	-0.12
6.091	4.31	0.86	-6.87	0.18	0.05	0.04
6.118	-1.89	-3.03	-9.04	-0.03	0.07	0.06
6.145	4.16	7.71	-10.45	-0.04	-0.16	0.03
6.172	4.24	0.65	-11.26	0.08	0.11	0.03
6.200	-2.42	-4.65	-11.26	-0.17	-0.02	-0.06
6.226	0.22	7.44	-10.01	0.24	-0.13	-0.09
6.254	-0.97	-1.47	-12.56	0.14	0.15	-0.11
6.281	-5.46	6.41	-11.37	-0.31	-0.03	0.01
6.308	2.48	2.60	-7.62	0.25	0.04	-0.05
6.338	-5.72	-3.42	-12.08	0.13	0.04	0.06
6.366	-1.92	3.23	-13.37	0.05	0.10	0.10
6.392	-0.64	3.19	-9.00	-0.02	-0.01	0.10
6.420	3.21	8.10	-13.13	-0.23	0.12	-0.22
6.447	1.14	4.16	-8.11	0.10	0.16	-0.21
6.474	-4.31	0.41	-11.64	-0.01	-0.17	0.05
6.501	-2.12	3.20	-7.75	-0.01	-0.02	0.25
6.534	3.79	-3.70	-14.69	-0.09	0.08	0.02
6.561	-4.84	8.30	-9.90	-0.01	0.04	-0.20
6.588	0.56	3.45	-10.30	0.25	-0.11	-0.40
6.616	-2.19	0.42	-15.51	-0.10	0.10	-0.12
6.643	-8.68	6.00	-7.91	0.16	0.01	-0.15
6.670	0.46	-4.18	-9.72	0.11	0.26	-0.16
6.700	-2.89	7.55	-13.40	-0.17	0.07	-0.15
6.727	0.66	4.19	-12.46	0.30	0.24	-0.26
6.754	0.92	1.31	-15.33	0.15	-0.04	-0.37
6.781	-1.11	2.38	-8.22	-0.04	0.08	-0.24
6.808	-7.35	0.98	-11.60	-0.07	-0.05	-0.35
6.836	-4.78	1.81	-10.06	-0.22	-0.02	-0.23
6.863	2.21	1.44	-8.96	-0.01	0.17	-0.01
6.890	4.47	4.38	-11.05	-0.25	-0.07	-0.07
6.918	1.67	5.29	-9.49	0.03	0.04	0.03
6.944	-0.25	-4.46	-11.05	0.14	-0.35	0.15
6.972	4.06	-0.37	-7.59	-0.30	0.02	0.19
6.999	1.03	-4.45	-7.89	0.20	-0.07	0.09
7.025	5.55	-3.96	-10.16	-0.15	0.13	-0.06
7.056	6.54	4.81	-10.47	-0.00	-0.02	-0.13
7.083	7.63	-2.71	-6.44	0.20	0.01	-0.38
7.110	5.90	-3.06	-5.16	-0.30	0.04	-0.31
7.137	0.80	-0.45	-11.47	0.04	0.19	0.33
7.164	4.76	-6.72	-10.47	-0.22	-0.09	0.35
7.191	7.35	2.48	-5.19	-0.16	-0.07	0.68
7.219	3.51	-0.71	-7.82	-0.05	-0.01	0.58
7.245	4.96	0.09	-7.00	-0.29	0.06	0.44
7.273	1.40	3.40	-6.67	0.01	0.21	0.54
7.300	3.86	-5.22	-10.40	0.05	0.14	0.30
7.327	-5.06	6.62	-10.52	0.10	0.09	0.13
7.354	1.92	1.83	-6.57	0.32	0.01	0.09
7.380	1.97	-2.80	-12.21	-0.01	0.10	-0.06
7.411	-2.97	0.99	-8.80	0.25	0.02	-0.08
7.438	-0.37	-1.93	-10.39	0.20	0.03	0.09
7.465	-1.37	6.15	-7.70	-0.07	-0.13	0.01
7.492	2.31	-2.55	-10.67	0.13	0.07	-0.13
7.520	-1.43	-3.77	-12.60	-0.03	-0.06	0.00
7.546	-1.90	4.74	-11.11	0.10	0.11	0.03
7.574	0.42	1.56	-11.13	0.13	0.13	0.13
7.601	-3.75	-0.20	-14.95	-0.14	-0.18	0.09
7.628	1.77	0.22	-10.90	0.19	-0.12	0.10
7.655	3.07	0.47	-14.54	-0.12	0.01	-0.07
7.683	-0.27	4.98	-7.54	0.21	-0.17	-0.11
7.710	0.78	-0.54	-8.28	0.26	-0.02	-0.15
7.740	0.38	-4.28	-12.74	-0.50	-0.03	-0.22
7.767	2.57	1.90	-11.64	-0.08	-0.07	-0.06
7.794	-4.01	0.89	-11.01	-0.11	-0.14	0.35
7.822	3.95	1.11	-6.00	-0.11	-0.19	0.80
7.848	-3.68	3.56	-10.94	-0.07	0.07	1.07
7.876	-3.48	2.89	-9.87	-0.33	-0.33	0.85
7.903	3.10	-1.56	-5.42	0.19	-0.03	0.59
7.930	2.31	-1.29	-12.29	-0.16	-0.17	0.49
7.957	4.05	5.96	-9.57	-0.18	-0.13	0.29
7.985	6.68	2.94	-9.80	0.00	-0.09	0.19
8.011	4.93	1.57	-7.87	-0.21	-0.33	0.11
8.038	5.22	-1.98	-9.01	0.23	0.22	0.18
8.066	12.33	-3.81	-12.45	-0.09	0.03	-0.04
8.095	6.52	3.20	-10.12	-0.17	0.01	-0.10
8.123	3.88	-1.24	-8.83	0.09	-0.00	0.16
8.150	3.69	1.68	-11.74	0.05	-0.22	-0.05
8.177	2.13	-2.30	-8.83	0.14	-0.03	0.25
8.204	1.36	-4.96	-3.23	-0.17	0.28	0.06
8.231	4.54	-0.63	-11.05	-0.03	-0.04	-0.25
8.258	2.82	-8.14	-13.30	0.13	0.36	-0.23
8.286	-0.26	-1.94	-12.34	0.11	0.37	-0.33
8.313	-1.65	2.15	-10.39	-0.01	0.07	-0.08
8.340	-2.38	0.85	-9.57	-0.03	0.08	0.26
8.368	-5.57	1.83	-13.02	0.05	-0.10	-0.07
8.394	1.19	-0.42	-10.17	0.30	-0.06	0.11
8.422	2.39	4.90	-15.01	0.01	0.31	-0.25
8.452	1.80	3.17	-9.80	0.20	0.14	-0.31
8.478	-2.43	0.22	-9.18	0.40	0.10	-0.40
8.506	-9.98	1.20	-15.71	-0.24	-0.05	-0.45
8.534	0.93	3.00	-6.72	0.23	0.09	-0.28
8.560	-7.66	1.43	-11.68	0.11	0.22	-0.31
8.588	0.11	1.47	-12.33	0.18	-0.09	-0.17
8.614	0.71	0.79	-10.62	0.05	-0.15	-0.13
8.642	1.25	0.42	-8.68	-0.21	-0.19	-0.20
8.669	1.14	-1.58	-4.25	0.10	-0.13	-0.06
8.696	6.21	-2.26	-10.75	-0.30	-0.16	-0.11
8.740	3.93	4.50	-9.86	0.21	-0.07	0.20
8.768	0.17	0.61	-12.60	-0.14	-0.23	0.29
8.795	-2.90	7.67	-8.07	-0.17	-0.07	0.40
8.825	-2.15	4.16	-9.96	0.21	0.00	0.22
8.852	-2.62	2.61	-9.73	-0.33	-0.15	-0.09
8.880	0.92	1.41	-10.85	0.13	-0.23	0.25
8.906	-4.83	1.62	-14.02	-0.14	-0.24	0.30
8.934	5.90	7.17	-11.21	-0.01	-0.36	0.29
8.961	2.73	-2.05	-3.02	0.16	0.04	0.43
8.988	4.68	-1.57	-11.26	-0.49	-0.06	0.40
9.015	-2.82	1.87	-10.19	-0.13	-0.03	0.89
9.042	4.58	5.46	-10.83	-0.15	-0.25	1.18
9.069	4.17	6.54	-11.18	-0.60	-0.30	1.44
9.097	-0.52	4.14	-11.03	-0.33	-0.17	1.64
9.124	-4.53	5.14	-12.53	-0.48	-0.11	1.52
9.151	1.52	10.03	-5.33	-0.04	-0.30	1.30
9.181	-11.24	4.50	-14.11	-0.04	0.00	1.01
9.208	-8.29	5.06	-10.46	0.01	-0.12	0.55
9.236	-3.04	6.79	-13.63	0.37	-0.17	0.32
9.263	-2.65	4.75	-14.86	0.13	-0.15	0.22
9.290	-0.35	7.62	-6.82	0.21	0.06	0.11
9.317	-10.07	3.02	-13.37	0.03	0.18	0.28
9.345	-3.60	5.60	-10.33	0.16	-0.15	-0.04
9.371	2.11	4.82	-8.38	0.07	-0.04	-0.06
9.399	6.33	-1.08	-12.74	0.05	-0.37	-0.08
9.425	2.68	4.82	-9.06	-0.05	-0.20	-0.20
9.453	3.84	0.29	-10.36	-0.10	-0.20	0.17
9.480	3.08	4.34	-10.52	-0.02	0.16	-0.06
9.510	1.72	-0.33	-7.13	0.04	0.04	0.01
9.537	1.22	-3.90	-10.26	0.00	-0.35	0.03
9.565	11.56	1.06	-6.95	-0.24	-0.01	-0.04
9.591	5.05	1.57	-5.51	-0.13	-0.36	0.12
9.619	8.66	0.03	-10.63	0.12	0.03	-0.26
9.646	-2.87	0.93	-7.84	0.24	0.09	-0.57
9.673	6.05	-2.17	-9.62	0.31	0.18	-0.90
9.700	3.89	-7.16	-7.36	0.18	0.19	-1.20
9.726	-0.95	-5.24	-11.14	0.10	0.27	-0.95
9.754	-3.33	0.03	-12.86	0.06	0.19	-0.83
9.782	-3.40	0.65	-11.27	0.39	-0.12	-0.90
9.808	0.14	-1.68	-12.19	0.20	0.13	-0.70
9.836	-4.70	-2.93	-15.40	0.01	0.06	-0.36
9.866	-0.88	2.79	-10.08	0.24	-0.00	-0.42
9.893	2.05	0.36	-17.15	0.03	-0.05	-0.42
9.920	3.37	3.17	-10.70	-0.02	-0.18	-0.48
9.948	-1.78	3.84	-9.53	-0.08	0.07	-0.55
9.974	2.56	-0.48	-10.90	-0.02	-0.16	-0.50
10.002	4.04	-3.64	-6.35	0.01	-0.10	-0.80
10.029	12.39	-5.19	-8.97	-0.37	-0.07	-1.08
10.056	-0.42	0.37	-8.71	0.52	-0.09	-1.25
10.084	4.60	-9.90	-9.90	0.48	0.16	-1.61
10.110	-3.58	-2.68	-12.51	0.08	0.07	-1.63
10.138	-0.57	-7.23	-11.45	0.39	0.19	-1.41
10.166	-4.53	-5.09	-14.04	0.04	0.02	-1.13
10.192	-1.75	0.17	-13.81	0.07	-0.05	-0.82
10.223	-2.22	6.64	-12.96	0.12	0.24	-0.82
10.251	-3.32	-0.35	-5.05	-0.09	-0.12	-0.58
10.277	0.94	0.82	-9.06	-0.01	0.04	-0.24
10.305	0.52	3.15	-14.57	-0.22	-0.25	-0.24
10.333	3.48	2.51	-12.34	0.08	-0.03	-0.40
10.359	2.28	-0.47	-9.12	0.03	-0.07	-0.47
10.387	8.44	-1.17	-1.12	-0.18	-0.20	-0.72
10.414	4.41	-4.64	-7.69	0.07	0.14	-0.34
10.441	11.21	-5.47	-8.38	-0.17	-0.17	-0.36
10.469	0.96	-2.02	-5.58	-0.10	0.20	-0.21
10.496	3.86	-5.55	-12.69	-0.13	0.14	0.04
10.523	3.53	2.79	-8.99	-0.74	0.15	0.53
10.553	2.87	0.47	-8.43	-0.17	-0.04	0.93
10.580	13.49	-0.67	-9.63	-0.25	-0.26	0.98
10.608	2.08	-0.64	-7.83	-0.07	0.07	0.80
10.635	2.09	-0.38	-6.90	-0.03	-0.14	0.63
10.662	6.20	0.51	-7.23	-0.36	-0.08	0.18
10.689	1.24	-0.85	-11.40	0.21	-0.03	0.42
10.717	5.77	-3.80	-6.03	0.03	0.08	0.22
10.744	1.61	0.03	-9.31	0.16	0.28	0.12
10.777	2.20	0.26	-9.70	0.19	-0.09	-0.05
10.804	2.10	-1.29	-8.87	-0.20	-0.18	-0.11
10.831	2.25	1.22	-10.03	0.08	0.01	-0.22
10.858	9.32	-4.20	-4.78	-0.09	-0.12	-0.18
10.886	9.39	2.21	-7.50	0.01	-0.12	-0.11
10.915	-2.89	-0.91	-11.40	-0.07	-0.15	-0.06
10.943	4.16	-0.52	-10.49	-0.34	-0.27	0.39
10.971	2.08	-0.49	-6.52	-0.30	0.01	0.95
10.997	1.02	4.08	-8.29	-0.74	0.02	1.20
11.025	1.19	6.31	-10.11	-0.17	-0.15	1.37
11.053	0.55	5.38	-10.93	-0.18	-0.21	1.48
11.079	1.45	6.85	-9.17	-0.56	-0.26	1.54
11.107	-0.46	8.59	-8.26	-0.08	-0.07	1.04
11.133	-5.41	4.79	-10.33	0.05	0.03	0.68
11.161	2.36	8.99	-11.04	0.13	-0.34	0.37
11.189	-0.19	3.40	-10.39	-0.03	-0.21	0.29
11.215	10.15	0.93	-9.83	0.01	-0.19	0.46
11.246	-1.77	6.03	-10.23	0.18	0.15	0.18
11.273	-5.57	4.21	-9.97	0.01	-0.07	0.13
11.300	4.16	4.80	-11.05	-0.05	-0.26	-0.03
11.327	5.65	1.24	-12.05	-0.20	-0.03	0.04
11.355	6.93	2.11	-8.63	-0.10	-0.21	0.12
11.382	0.67	2.57	-5.95	0.21	-0.06	0.01
11.409	5.47	-2.59	-7.41	-0.25	-0.15	0.07
11.437	4.99	3.31	-8.21	-0.06	0.05	0.04
11.463	5.14	-1.16	-6.47	0.24	0.06	-0.11
11.491	8.81	-4.45	-8.94	-0.07	-0.02	-0.24
11.517	-0.41	-0.68	-10.52	0.00	-0.15	0.07
11.545	5.83	-4.47	-5.20	0.02	-0.09	0.27
11.573	6.97	-1.19	-6.31	-0.16	-0.02	0.06
11.602	4.29	-1.95	-4.68	0.16	0.07	-0.09
11.630	7.87	-2.97	-9.43	-0.04	-0.07	-0.13
11.657	-4.81	-4.02	-9.27	0.19	-0.11	-0.05
11.684	7.27	-1.76	-8.78	0.05	0.12	-0.01
11.711	5.98	-0.19	-7.56	0.03	0.03	-0.14
11.739	2.39	-4.02	-9.47	0.21	0.11	0.12
11.766	-1.03	-1.09	-11.98	-0.18	0.03	-0.05
11.793	-0.98	3.74	-7.24	0.09	-0.17	-0.03
11.821	0.66	-1.08	-7.97	0.16	0.05	-0.18
11.847	-1.71	4.17	-15.88	-0.07	-0.08	-0.17
11.875	-0.78	-6.18	-8.98	0.45	0.20	-0.09
11.902	-9.94	-0.50	-12.70	0.10	0.35	-0.03
11.929	1.89	6.39	-8.38	-0.19	0.10	0.03
11.955	-1.95	3.18	-9.87	0.05	0.06	0.06
11.981	1.91	-1.44	-13.25	-0.22	-0.21	-0.03
12.009	-0.58	5.29	-8.52	-0.00	-0.12	0.02
12.036	8.94	0.37	-9.75	0.01	-0.07	0.10
12.063	3.43	-1.91	-4.53	-0.14	-0.03	0.08
12.090	0.95	-0.53	-6.29	-0.11	0.02	0.24
12.118	10.64	1.99	-10.03	-0.15	-0.17	-0.15
12.145	-1.72	-2.55	-9.01	0.36	0.12	0.01
12.172	8.25	-2.29	-9.06	-0.16	0.14	-0.06
12.199	-0.87	-1.06	-9.59	0.06	0.13	-0.17
12.227	2.94	-1.53	-10.16	0.14	0.19	0.10
12.254	4.32	-1.61	-4.43	-0.07	0.05	-0.11
12.284	0.01	-3.49	-7.69	0.12	0.20	0.03
12.311	2.49	-6.30	-7.87	-0.11	-0.04	-0.09
12.339	3.74	-3.22	-11.56	-0.12	-0.06	-0.20
12.366	1.13	-4.35	-6.90	0.14	0.04	-0.05
12.393	1.70	-4.61	-9.88	-0.06	0.22	-0.12
12.421	-4.80	4.11	-6.83	-0.01	-0.09	0.14
12.447	-1.59	2.29	-12.58	0.06	0.23	0.11
12.475	-1.03	5.04	-11.77	-0.02	-0.07	-0.23
12.503	-2.91	-0.75	-8.86	0.22	0.03	-0.14
12.529	-14.00	-1.93	-14.50	0.24	0.21	-0.05
12.557	-2.18	7.18	-10.55	-0.19	-0.00	-0.17
12.584	-2.54	3.34	-10.01	0.03	0.23	-0.14
12.614	-2.53	6.79	-12.84	-0.11	-0.24	-0.19
12.642	-6.03	4.56	-8.28	0.12	0.15	-0.02
12.668	-2.67	6.89	-19.06	0.26	-0.13	-0.05
12.696	-3.98	6.81	-10.13	-0.10	0.04	-0.23
12.724	2.64	2.10	-12.97	0.02	-0.03	-0.06
12.750	1.75	1.41	-10.54	-0.11	-0.30	0.08
12.778	0.00	6.21	-12.90	0.13	0.12	0.16
12.806	0.07	2.13	-8.25	-0.09	-0.22	0.11
12.832	3.31	3.02	-11.05	-0.05	0.12	0.17
12.860	6.85	-0.44	-13.62	0.17	0.04	0.01
12.887	7.68	-3.10	-7.54	-0.05	-0.18	-0.17
12.914	5.21	-4.96	-6.40	0.12	-0.08	-0.16
12.942	2.77	-4.81	-7.20	0.01	-0.30	-0.14
12.972	2.66	-0.63	-8.42	-0.22	-0.25	-0.17
12.999	1.53	-1.49	-8.83	0.08	-0.18	-0.15
13.026	6.04	0.67	-10.29	-0.13	-0.07	-0.03
13.053	0.18	-5.35	-6.78	0.05	0.16	0.05
13.080	5.75	-1.95	-8.81	-0.07	0.22	-0.08
13.108	0.92	-2.05	-13.02	-0.08	-0.01	-0.21
13.153	3.53	-4.97	-6.70	-0.03	-0.13	-0.12
13.180	9.47	2.08	-6.85	-0.17	-0.10	0.12
13.208	9.36	-2.17	-6.67	0.16	0.01	-0.16
13.235	12.61	-1.70	-9.85	-0.09	-0.04	-0.26
13.262	0.32	-1.53	-3.48	0.05	-0.08	-0.12
13.289	5.50	-5.78	-8.80	0.13	0.14	-0.11
13.320	3.36	-3.61	-10.19	-0.08	-0.05	-0.09
13.346	5.31	-1.29	-8.68	0.04	-0.00	0.12
13.374	10.13	-0.76	-10.70	-0.17	0.17	0.01
13.402	-0.91	-1.43	-9.23	0.23	0.05	0.02
13.428	4.90	-3.36	-11.84	0.24	0.03	0.03
13.456	1.28	-1.67	-16.67	-0.16	0.16	-0.07
13.484	0.08	-0.70	-4.04	0.27	-0.04	0.06
13.510	-0.37	-4.88	-12.29	0.16	0.10	-0.11
13.538	-5.37	6.32	-13.22	0.02	0.03	-0.21
13.564	-2.85	1.30	-13.21	-0.12	0.14	0.12
13.592	-4.57	4.02	-10.45	-0.12	-0.08	0.09
13.620	-3.02	3.57	-9.57	0.37	-0.12	0.21
13.646	-9.70	2.76	-16.29	-0.07	-0.13	0.07
13.677	-1.77	6.72	-8.68	0.21	-0.04	0.03
13.704	-4.59	3.51	-13.26	0.20	0.28	-0.17
13.731	-6.03	5.55	-10.75	-0.11	-0.16	-0.39
13.759	-1.21	5.87	-9.21	0.31	-0.04	-0.34
13.786	-0.83	2.26	-16.84	0.06	-0.15	-0.23
13.813	-0.17	5.72	-5.88	-0.22	-0.03	-0.23
13.841	-1.34	0.68	-10.52	0.00	0.16	-0.09
13.868	0.73	3.94	-9.55	-0.25	-0.15	-0.23
13.895	4.88	1.78	-10.85	0.27	-0.03	-0.02
13.923	4.25	-2.56	-9.83	-0.17	-0.20	-0.10
13.949	5.60	-0.73	-6.59	-0.26	-0.09	-0.04
13.977	3.45	-4.96	-6.91	0.09	-0.20	0.01
14.007	3.28	-0.65	-14.88	-0.30	-0.15	-0.08
14.034	2.39	3.53	-6.31	0.25	0.11	0.05
14.062	-2.14	-0.66	-6.05	-0.20	0.22	0.08
14.089	2.44	1.31	-9.02	-0.29	-0.12	-0.23
14.116	6.00	-4.13	-6.31	-0.03	0.18	0.01
14.143	14.52	-2.60	-11.09	-0.08	0.04	-0.04
14.171	3.84	-0.91	-9.34	0.15	0.00	-0.04
14.198	1.61	-2.27	-9.45	-0.01	0.26	0.03
14.225	-1.63	-0.15	-11.45	0.03	0.10	-0.14
14.253	4.62	-3.84	-8.10	0.22	0.25	0.04
14.279	6.86	-7.43	-10.26	-0.14	0.19	-0.01
14.307	0.45	3.89	-8.98	0.14	-0.10	-0.18
14.334	-4.01	2.83	-13.14	0.20	0.07	-0.09
14.364	-1.35	-1.36	-10.03	-0.11	-0.10	-0.24
14.392	3.74	-7.67	-7.22	0.09	-0.06	-0.12
14.419	-4.35	-6.73	-10.54	-0.15	0.40	0.04
14.446	-4.40	2.59	-9.47	-0.03	0.20	-0.03
14.474	-4.12	-1.38	-11.94	0.03	0.31	-0.03
14.501	-4.09	5.32	-10.64	-0.14	-0.13	-0.36
14.528	0.90	0.92	-9.34	0.16	0.08	-0.20
14.556	-3.62	5.81	-18.46	0.05	0.04	-0.36
14.582	-7.95	4.65	-7.93	-0.07	-0.13	-0.39
14.610	-1.09	4.73	-10.54	0.08	0.17	-0.24
14.638	-1.65	0.52	-14.66	-0.10	-0.36	-0.20
14.664	0.28	-1.64	-9.73	0.09	0.05	0.11
14.695	0.55	7.92	-17.28	-0.22	0.16	0.03
14.722	-1.70	5.68	-10.36	0.29	-0.07	0.08
14.749	0.32	-0.38	-8.15	0.12	0.07	-0.02
14.777	2.00	5.92	-12.09	-0.23	-0.23	-0.10
14.803	0.99	4.96	-6.78	0.16	-0.08	0.14
14.831	3.99	0.02	-7.18	0.01	0.07	0.01
14.858	3.93	5.19	-5.80	-0.10	-0.21	-0.25
14.885	1.67	-0.75	-7.98	0.09	0.12	-0.04
14.912	14.11	-2.55	-5.52	-0.30	0.09	-0.13
14.940	2.66	3.79	-5.30	0.17	0.15	-0.17
14.967	8.60	-5.03	-7.84	-0.02	-0.05	0.07
14.994	6.67	1.14	-7.02	-0.12	0.04	0.14
15.022	-0.76	-3.79	-5.97	0.03	-0.12	0.09
15.051	14.50	0.16	-7.28	-0.20	-0.10	-0.01
15.079	-0.63	-2.29	-7.56	0.20	0.12	0.01
15.106	3.52	-9.46	-10.18	-0.18	0.18	0.30
15.133	4.00	1.42	-7.99	-0.10	0.07	0.17
15.160	0.47	-3.93	-8.96	0.16	0.07	0.22
15.187	-1.64	-1.81	-14.23	-0.02	0.07	0.13
15.215	-3.25	3.84	-11.43	0.12	-0.25	0.10
15.242	-0.07	0.09	-8.85	0.03	0.25	0.03
15.269	-7.67	3.71	-17.21	0.04	0.09	-0.04
15.302	-0.41	-7.13	-9.30	0.01	-0.03	-0.07
15.329	5.43	0.46	-9.29	-0.35	0.15	-0.00
15.356	0.72	4.69	-6.08	0.16	0.12	0.23
15.383	2.53	-3.51	-9.00	0.00	0.21	0.61
15.414	1.42	1.47	-10.13	-0.05	-0.05	0.42
15.440	6.00	-1.92	-9.03	0.03	-0.15	0.75
15.468	1.10	1.34	-8.46	-0.17	0.19	0.56
15.495	5.09	1.72	-6.25	0.08	-0.22	0.16
15.522	3.95	-0.93	-6.94	0.16	-0.04	0.27
15.549	-0.33	1.20	-12.17	-0.12	0.04	0.03
15.577	3.36	-4.93	-6.88	0.22	0.04	-0.06
15.604	0.01	-4.42	-15.03	0.08	0.21	-0.07
15.631	-4.44	8.05	-8.94	0.07	0.05	-0.10
15.659	-0.50	1.82	-11.59	0.28	0.16	-0.04
15.685	-0.42	4.78	-13.65	-0.40	-0.13	-0.07
15.713	0.19	0.45	-10.80	0.20	0.12	0.21
15.744	-2.90	-1.82	-12.03	0.01	0.03	0.10
15.770	3.68	8.06	-6.90	-0.06	0.05	0.07
15.798	-4.59	4.19	-12.33	0.08	-0.10	-0.14
15.824	-1.54	7.69	-12.46	0.09	0.06	-0.20
15.852	-1.75	0.88	-9.07	0.35	0.15	-0.18
15.879	-6.86	0.74	-9.61	0.02	-0.02	-0.12
15.906	3.77	1.57	-10.47	0.05	-0.20	-0.07
15.934	3.14	0.73	-9.88	0.05	-0.04	-0.11
15.961	5.35	3.05	-9.20	-0.34	-0.28	0.07
15.988	5.02	2.22	-7.61	0.13	-0.24	-0.11
16.015	1.36	3.53	-10.07	0.09	-0.06	-0.17
16.043	-2.32	-0.73	-11.80	-0.22	-0.27	0.11
16.070	2.18	-6.52	-7.46	0.07	0.07	-0.17
16.100	-7.83	2.38	-8.93	0.09	0.08	-0.25
16.128	-3.80	-2.00	-12.40	-0.02	-0.05	-0.12
16.154	-2.08	0.46	-9.06	0.14	0.00	-0.00
16.182	-2.60	-1.52	-10.47	0.00	-0.27	-0.11
16.209	-2.35	3.78	-9.62	0.06	0.05	-0.07
16.236	-0.69	-0.31	-12.89	0.10	-0.18	-0.03
16.264	4.50	1.77	-10.46	0.18	0.05	-0.09
16.290	-6.95	-0.79	-12.76	0.10	0.19	-0.19
16.318	-3.55	4.07	-7.47	-0.08	-0.07	-0.25
16.346	-5.36	-1.73	-11.11	-0.07	-0.14	-0.04
16.373	-3.23	-0.53	-10.40	0.01	0.10	0.00
16.400	-4.35	0.65	-9.83	0.10	-0.14	-0.06
16.431	-2.91	2.63	-11.04	-0.03	-0.04	-0.08
16.457	-2.55	0.99	-10.09	-0.01	0.04	0.05
16.485	-3.43	1.70	-9.99	0.03	-0.11	0.01
16.512	-3.12	-0.03	-9.53	-0.06	-0.02	0.02
16.539	-4.25	0.73	-9.71	-0.12	-0.00	0.02
16.567	-3.82	0.53	-10.33	-0.06	0.03	0.10
16.593	-3.17	0.38	-9.97	0.05	-0.02	-0.01
16.621	-3.47	0.82	-10.29	0.01	-0.02	0.11
16.648	-3.38	0.48	-10.06	0.09	-0.03	-0.00
16.675	-3.06	0.92	-9.96	0.01	0.03	0.04
16.703	0.67	0.41	-10.05	0.07	0.05	0.07
16.730	1.77	1.24	-9.97	-0.08	0.14	-0.05
16.757	0.85	1.34	-9.57	0.09	0.03	-0.09
16.787	1.20	0.44	-9.85	0.00	0.07	0.02
16.814	1.26	0.50	-9.66	0.01	-0.06	-0.01
16.841	1.11	0.77	-9.76	-0.01	-0.03	-0.10
16.868	1.14	0.67	-9.77	0.02	-0.19	-0.02
16.896	1.08	0.62	-9.73	0.03	-0.03	0.04
16.922	1.02	0.68	-9.80	0.05	-0.06	-0.04
16.950	0.91	0.69	-9.80	-0.05	0.02	0.03
16.976	0.89	0.68	-9.78	0.04	0.04	0.01
17.004	0.78	0.73	-9.71	0.00	-0.12	0.09
17.031	0.74	0.74	-9.70	0.03	-0.00	-0.04
17.058	0.75	0.62	-9.81	-0.03	0.01	-0.09
17.085	0.69	0.78	-9.78	-0.02	0.04	0.15
17.113	0.71	0.75	-9.78	-0.07	-0.05	-0.08
17.142	0.70	0.71	-9.76	0.05	-0.02	0.07
17.170	0.78	0.70	-9.75	-0.06	-0.07	-0.04
17.197	0.62	0.63	-9.79	-0.02	-0.04	-0.01
17.224	0.78	0.65	-9.88	-0.04	0.04	0.00
17.251	0.81	0.71	-9.74	-0.02	0.03	-0.07
17.278	0.86	0.72	-9.70	0.09	0.02	0.03
17.305	0.80	0.68	-9.72	-0.07	0.11	-0.02
17.333	0.89	0.70	-9.78	0.07	0.01	-0.04
17.359	0.93	0.75	-9.79	0.03	0.11	-0.01
17.387	0.82	0.67	-9.77	-0.02	0.00	-0.02
17.414	0.85	0.69	-9.83	0.01	-0.10	0.10
17.440	0.83	0.82	-9.67	-0.10	0.06	0.03
17.468	0.85	0.62	-9.73	-0.05	0.09	-0.02
17.516	0.80	0.69	-9.77	0.08	-0.08	0.06
17.543	0.81	0.68	-9.74	0.01	-0.02	-0.05
17.570	0.83	0.70	-9.77	-0.07	0.11	-0.02
17.597	0.82	0.65	-9.80	-0.03	0.04	-0.05
17.625	0.85	0.68	-9.74	-0.05	0.09	0.09
17.651	0.77	0.70	-9.73	-0.06	0.08	0.03
17.679	0.87	0.73	-9.80	0.05	0.10	0.05
17.705	0.77	0.73	-9.80	0.05	-0.07	-0.06
17.733	0.80	0.70	-9.80	0.04	0.08	-0.06
17.760	0.85	0.62	-9.78	0.06	0.02	-0.11
17.787	0.88	0.73	-9.68	-0.09	0.04	0.04
17.814	0.78	0.73	-9.83	0.00	-0.01	-0.01
17.841	0.81	0.75	-9.78	0.01	0.04	-0.04
17.871	0.80	0.68	-9.74	-0.01	-0.02	0.11
17.898	0.80	0.68	-9.71	0.04	0.13	-0.03
17.926	0.88	0.65	-9.77	-0.08	0.02	0.02
17.952	0.83	0.70	-9.75	0.01	0.06	0.03
17.980	0.83	0.70	-9.78	0.04	0.01	-0.03
18.007	0.75	0.66	-9.80	0.05	0.00	-0.12
18.033	0.80	0.71	-9.73	-0.07	-0.05	-0.00
18.061	0.80	0.65	-9.80	0.01	0.13	0.08
18.087	0.75	0.65	-9.78	-0.06	0.05	-0.15
18.115	0.84	0.72	-9.75	0.08	0.09	-0.13
18.142	0.77	0.75	-9.75	0.03	-0.03	0.02
18.169	0.77	0.68	-9.73	0.04	-0.07	-0.03
18.196	0.82	0.74	-9.69	0.10	-0.07	0.01
18.227	0.78	0.65	-9.73	-0.10	0.07	0.14
18.253	0.79	0.71	-9.75	-0.03	-0.01	-0.09
18.281	0.84	0.68	-9.76	-0.01	0.04	0.06
18.308	0.81	0.65	-9.78	-0.02	0.05	0.01
18.335	0.80	0.74	-9.71	-0.01	0.02	-0.04
18.362	0.84	0.74	-9.86	0.07	0.04	-0.01
18.390	0.79	0.62	-9.83	0.00	-0.08	-0.13
18.416	0.83	0.69	-9.85	-0.04	0.06	0.06
18.444	0.80	0.68	-9.75	0.10	-0.02	-0.04
18.470	0.79	0.67	-9.77	0.04	0.03	0.07
18.497	0.78	0.73	-9.83	-0.11	0.09	0.00
18.525	0.74	0.72	-9.76	-0.09	0.06	-0.02
18.551	0.80	0.66	-9.75	0.08	0.06	-0.01
18.582	0.84	0.75	-9.78	0.03	-0.04	-0.06
18.609	0.81	0.70	-9.81	0.02	-0.01	-0.07
18.636	0.78	0.71	-9.71	0.06	0.02	-0.04
18.663	0.85	0.70	-9.77	0.05	-0.00	-0.04
18.691	0.79	0.68	-9.70	0.00	-0.05	0.00
18.717	0.80	0.73	-9.78	-0.01	-0.00	-0.03
18.745	0.80	0.63	-9.78	-0.06	0.04	0.07
18.771	0.79	0.60	-9.73	-0.01	-0.01	0.10
18.799	0.78	0.65	-9.78	-0.07	-0.01	0.06
18.826	0.85	0.72	-9.74	0.02	-0.02	0.03
18.853	0.78	0.78	-9.83	-0.01	-0.07	0.04
18.880	0.83	0.69	-9.76	-0.08	0.05	0.01
18.908	0.78	0.61	-9.84	-0.03	0.07	0.05
18.937	0.83	0.69	-9.78	-0.01	0.07	-0.01
18.964	0.80	0.80	-9.79	0.00	0.08	-0.07
18.992	0.85	0.69	-9.73	0.00	-0.01	0.05
19.018	0.81	0.62	-9.78	-0.01	0.02	-0.09
19.046	0.83	0.68	-9.81	0.06	-0.05	0.19
19.073	0.80	0.69	-9.78	0.05	-0.03	0.01
19.100	0.80	0.70	-9.80	0.04	0.09	-0.12
19.127	0.81	0.60	-9.84	0.00	-0.09	0.02
19.154	0.85	0.66	-9.78	-0.01	-0.04	-0.02
19.181	0.85	0.77	-9.78	-0.04	-0.01	0.07
19.209	0.88	0.59	-9.75	-0.02	-0.11	0.05
19.235	0.82	0.78	-9.78	-0.02	0.00	0.04
19.263	0.83	0.59	-9.78	0.06	-0.04	-0.14
19.293	0.77	0.74	-9.71	0.01	0.04	0.04
19.319	0.84	0.67	-9.77	-0.06	-0.09	-0.00
19.347	0.86	0.74	-9.84	-0.07	0.09	-0.08
19.374	0.87	0.66	-9.80	0.02	0.01	0.01
19.401	0.80	0.60	-9.75	0.04	0.02	0.00
19.428	0.74	0.68	-9.74	0.04	-0.05	0.12
19.456	0.75	0.69	-9.77	-0.03	0.02	0.06
19.482	0.80	0.70	-9.78	-0.05	0.03	-0.06
19.510	0.83	0.75	-9.77	-0.10	0.10	-0.01
19.536	0.80	0.65	-9.88	-0.04	-0.05	0.00
19.564	0.78	0.65	-9.69	-0.03	0.10	0.04
19.591	0.79	0.73	-9.74	-0.01	0.06	0.06
19.623	0.89	0.65	-9.72	-0.08	0.04	0.11
19.653	0.80	0.68	-9.83	-0.00	0.01	-0.02
19.681	0.82	0.67	-9.75	-0.09	-0.04	-0.20
19.707	0.81	0.76	-9.76	0.01	-0.01	0.08
19.735	0.78	0.70	-9.77	-0.01	-0.04	-0.11
19.762	0.80	0.62	-9.74	-0.03	-0.06	-0.12
19.789	0.80	0.75	-9.73	0.06	-0.12	0.13
19.817	0.83	0.68	-9.76	0.02	0.02	-0.06
19.844	0.79	0.71	-9.81	0.00	-0.02	0.12
19.870	0.91	0.71	-9.83	0.04	-0.08	-0.01
19.898	0.84	0.70	-9.68	-0.02	0.04	-0.01
19.924	0.83	0.68	-9.74	0.06	0.02	-0.06
19.952	0.81	0.72	-9.80	-0.03	0.08	0.13
19.979	0.84	0.57	-9.74	0.03	-0.11	-0.00
20.009	0.77	0.68	-9.69	-0.06	0.07	0.06
20.036	0.83	0.65	-9.80	-0.03	-0.00	0.06
20.064	0.79	0.69	-9.69	0.07	0.03	0.00
20.090	0.80	0.67	-9.78	0.04	-0.01	-0.02
20.117	0.83	0.62	-9.81	-0.03	0.22	-0.03
20.145	0.84	0.61	-9.74	0.05	0.04	0.04
20.171	0.84	0.67	-9.68	0.01	0.01	0.01
20.199	0.85	0.75	-9.77	-0.00	0.04	0.10
20.226	0.78	0.69	-9.70	-0.00	0.07	0.04
20.253	0.80	0.71	-9.77	0.09	-0.12	-0.07
20.280	0.76	0.68	-9.78	-0.04	0.08	0.01
20.307	0.80	0.70	-9.78	0.02	-0.04	-0.12
20.334	0.73	0.69	-9.76	0.09	-0.08	-0.09
20.365	0.78	0.68	-9.79	-0.02	-0.05	-0.04
20.391	0.85	0.68	-9.73	-0.05	0.00	0.01
20.419	0.83	0.70	-9.72	-0.06	-0.00	0.06
20.446	0.82	0.66	-9.85	0.00	0.14	-0.15
20.473	0.80	0.71	-9.79	-0.02	0.03	-0.03
20.500	0.83	0.72	-9.83	-0.06	-0.03	0.06
20.528	0.83	0.75	-9.77	0.04	-0.09	0.00
20.554	0.78	0.69	-9.76	0.05	0.03	-0.16
20.581	0.80	0.71	-9.81	-0.01	0.04	0.01
20.609	0.83	0.67	-9.78	0.04	0.07	0.07
20.635	0.82	0.69	-9.76	0.12	-0.04	-0.05
20.663	0.80	0.60	-9.68	-0.01	0.09	-0.17
20.689	0.80	0.79	-9.69	0.00	-0.09	0.02
20.720	0.79	0.68	-9.78	0.07	0.00	0.12
20.747	0.86	0.67	-9.83	0.04	-0.04	-0.02
20.773	0.78	0.66	-9.75	-0.03	-0.01	0.01
20.801	0.80	0.70	-9.85	0.04	0.06	0.05
20.828	0.79	0.75	-9.85	-0.05	0.06	-0.05
20.855	0.74	0.64	-9.75	0.03	0.01	0.01
20.882	0.85	0.72	-9.70	0.07	-0.08	-0.08
20.910	0.79	0.68	-9.81	-0.16	0.12	0.16
20.936	0.78	0.75	-9.76	-0.01	-0.07	-0.01
20.964	0.84	0.69	-9.70	-0.03	0.08	0.01
20.990	0.79	0.73	-9.70	0.13	0.10	-0.01
21.018	0.79	0.75	-9.77	-0.03	0.00	-0.16
21.045	0.83	0.70	-9.78	-0.00	0.01	-0.06
21.075	0.80	0.58	-9.80	-0.07	0.07	0.10
21.102	0.83	0.68	-9.82	-0.03	0.05	0.09
21.129	0.83	0.71	-9.73	0.09	0.02	0.03
21.156	0.84	0.67	-9.82	0.00	0.07	-0.07
21.183	0.71	0.61	-9.76	-0.03	0.00	-0.03
21.211	0.81	0.73	-9.86	-0.07	0.07	-0.04
21.237	0.78	0.66	-9.77	0.03	-0.00	-0.03
21.265	0.83	0.65	-9.83	0.00	-0.07	-0.13
21.292	0.82	0.61	-9.79	0.03	-0.03	-0.08
21.319	0.84	0.62	-9.69	0.02	0.16	0.19
21.346	0.79	0.70	-9.68	-0.00	0.06	-0.00
21.373	0.86	0.63	-9.91	0.01	0.02	0.16
21.400	0.84	0.62	-9.64	0.10	-0.06	0.02
21.431	0.85	0.69	-9.78	0.02	0.02	0.09
21.457	0.80	0.60	-9.87	-0.06	-0.04	-0.02
21.484	0.87	0.65	-9.70	0.09	-0.05	0.16
21.512	0.79	0.72	-9.80	0.00	-0.07	0.02
21.538	0.82	0.71	-9.80	0.05	0.06	-0.08
21.566	0.83	0.72	-9.84	0.00	-0.05	-0.06
21.593	0.82	0.65	-9.76	-0.02	-0.14	-0.26
21.620	0.80	0.64	-9.83	-0.08	0.11	0.04
21.647	0.81	0.71	-9.70	0.06	-0.11	-0.03
21.675	0.78	0.72	-9.70	0.04	0.05	0.00
21.701	0.85	0.68	-9.75	0.04	-0.04	-0.02
21.729	0.81	0.62	-9.73	0.06	0.01	0.03
21.755	0.80	0.62	-9.77	0.10	-0.06	-0.08
21.804	0.83	0.66	-9.85	0.00	0.13	0.01
21.830	0.78	0.73	-9.79	-0.06	0.05	0.05
21.857	0.75	0.69	-9.79	0.05	-0.01	-0.03
21.884	0.80	0.62	-9.75	0.02	-0.01	-0.16
21.911	0.73	0.60	-9.78	0.05	-0.05	-0.01
21.939	0.83	0.68	-9.78	0.05	0.04	-0.08
21.965	0.83	0.70	-9.83	0.00	0.09	-0.05
21.993	0.81	0.71	-9.73	-0.03	0.06	-0.01
22.020	0.87	0.69	-9.73	0.03	0.01	0.05
22.047	0.81	0.65	-9.77	0.01	0.00	-0.09
22.074	0.79	0.65	-9.81	0.03	0.01	-0.08
22.102	0.77	0.69	-9.78	-0.01	-0.00	-0.14
22.128	0.80	0.65	-9.73	-0.07	0.08	0.03
22.158	0.80	0.75	-9.79	-0.05	0.04	0.06
22.185	0.83	0.63	-9.78	-0.04	0.03	-0.03
22.212	0.83	0.75	-9.75	-0.03	-0.01	0.06
22.240	0.86	0.70	-9.75	0.02	-0.13	-0.17
22.266	0.82	0.65	-9.73	-0.03	0.09	0.05
22.294	0.78	0.68	-9.74	0.01	-0.01	0.02
22.321	0.77	0.77	-9.84	-0.04	-0.05	-0.01
22.348	0.85	0.69	-9.73	0.01	-0.03	0.04
22.375	0.84	0.65	-9.75	0.05	-0.02	-0.13
22.403	0.80	0.65	-9.81	0.01	0.08	0.06
22.429	0.81	0.72	-9.83	0.07	-0.08	-0.03
22.457	0.92	0.66	-9.84	0.03	0.09	-0.01
22.483	0.85	0.71	-9.81	0.20	-0.12	0.04
22.514	0.80	0.65	-9.82	-0.07	-0.14	0.07
22.541	0.88	0.75	-9.74	0.07	0.01	-0.06
22.568	0.83	0.73	-9.73	-0.04	-0.00	0.00
22.595	0.77	0.62	-9.78	0.07	0.02	-0.08
22.622	0.80	0.70	-9.91	-0.06	-0.01	-0.02
22.649	0.84	0.69	-9.82	-0.13	-0.03	0.02
22.677	0.79	0.65	-9.74	-0.09	0.04	-0.01
22.704	0.77	0.68	-9.75	-0.01	-0.04	-0.03
22.731	0.83	0.68	-9.77	0.03	0.06	0.08
22.758	0.84	0.65	-9.83	0.02	-0.05	0.09
22.785	0.85	0.74	-9.77	0.04	-0.03	-0.06
22.812	0.78	0.66	-9.79	0.09	-0.01	-0.00
22.842	0.86	0.60	-9.79	0.04	-0.06	-0.09
22.870	0.80	0.63	-9.76	-0.03	-0.09	0.09
22.896	0.79	0.65	-9.76	-0.06	0.10	0.01
22.924	0.80	0.70	-9.75	0.00	-0.06	0.10
22.950	0.88	0.59	-9.75	-0.02	0.01	-0.10
22.978	0.78	0.63	-9.77	-0.06	0.16	0.09
23.005	0.70	0.65	-9.76	-0.08	0.05	0.11
23.032	0.85	0.62	-9.75	0.12	0.08	0.08
23.059	0.78	0.68	-9.80	-0.01	0.05	0.11
23.087	0.82	0.73	-9.80	0.15	0.04	-0.07
23.113	0.84	0.72	-9.80	-0.04	0.03	-0.13
23.140	0.81	0.66	-9.75	0.01	-0.03	-0.05
23.168	0.85	0.70	-9.81	-0.01	-0.03	0.06
23.205	0.82	0.73	-9.75	0.07	-0.11	-0.02
23.233	0.85	0.70	-9.75	0.02	0.05	-0.04
23.260	0.80	0.65	-9.83	-0.12	0.07	0.06
23.287	0.83	0.69	-9.73	-0.07	0.01	0.01
23.314	0.79	0.70	-9.85	-0.05	-0.05	-0.01
23.342	0.81	0.64	-9.69	-0.03	0.00	0.08
23.368	0.78	0.65	-9.80	0.01	0.02	-0.02
23.396	0.79	0.71	-9.83	0.04	-0.03	0.09
23.422	0.78	0.68	-9.71	0.05	-0.02	0.13
23.449	0.80	0.71	-9.78	-0.12	0.10	0.08
23.477	0.78	0.62	-9.75	-0.05	0.00	0.01
23.503	0.78	0.68	-9.83	-0.14	0.11	-0.02
23.531	0.74	0.70	-9.83	0.04	0.17	0.07
23.558	0.78	0.70	-9.85	0.08	-0.03	-0.01
23.593	0.85	0.70	-9.80	0.02	-0.04	-0.13
23.621	0.81	0.73	-9.75	-0.03	0.05	-0.07
23.648	0.78	0.71	-9.78	-0.02	-0.01	-0.03
23.675	0.82	0.69	-9.70	-0.02	-0.10	0.00
23.702	0.83	0.72	-9.83	0.08	-0.03	-0.21
23.730	0.87	0.70	-9.71	-0.07	0.05	0.09
23.756	0.79	0.78	-9.78	-0.05	-0.11	-0.08
23.784	0.84	0.68	-9.83	-0.12	0.07	0.07
23.811	0.78	0.66	-9.75	0.01	0.00	-0.12
23.838	0.85	0.73	-9.74	0.02	0.00	-0.04
23.865	0.76	0.66	-9.84	-0.01	-0.02	-0.05
23.892	0.82	0.62	-9.73	0.05	0.03	-0.03
23.922	0.85	0.65	-9.79	0.02	-0.05	0.08
23.950	0.84	0.65	-9.76	-0.02	-0.03	0.09
23.976	0.80	0.67	-9.73	0.01	0.05	0.05
24.003	0.84	0.68	-9.77	-0.11	0.00	0.09
24.031	0.83	0.66	-9.78	-0.00	0.06	-0.11
24.057	0.80	0.65	-9.75	-0.07	0.01	0.07
24.085	0.83	0.65	-9.78	-0.11	0.00	0.13
24.112	0.83	0.65	-9.78	0.01	0.20	0.07
24.139	0.79	0.65	-9.81	0.02	0.04	-0.00
24.166	0.73	0.62	-9.76	0.09	-0.05	0.03
24.194	0.82	0.65	-9.81	0.17	-0.12	0.03
24.220	0.82	0.65	-9.80	0.03	0.08	-0.16
24.248	0.78	0.68	-9.78	-0.08	0.14	-0.18
24.278	0.80	0.67	-9.74	0.02	0.02	0.04
24.304	0.87	0.67	-9.80	-0.09	0.11	0.06
24.332	0.82	0.73	-9.80	0.03	-0.07	-0.09
24.358	0.82	0.68	-9.82	-0.01	0.03	-0.03
24.386	0.88	0.68	-9.76	-0.17	-0.02	-0.00
24.413	0.87	0.62	-9.75	0.03	0.04	-0.01
24.440	0.83	0.75	-9.78	0.04	-0.03	-0.01
24.467	0.73	0.72	-9.78	0.00	0.06	0.04
24.495	0.81	0.68	-9.82	0.00	-0.13	-0.07
24.521	0.76	0.76	-9.80	0.00	-0.04	0.01
24.549	0.85	0.72	-9.72	-0.08	-0.07	0.05
24.576	0.79	0.72	-9.70	0.05	-0.10	-0.15
24.603	0.73	0.70	-9.80	-0.05	0.05	0.08
24.633	0.83	0.65	-9.78	-0.09	-0.06	-0.07
24.659	0.85	0.71	-9.78	0.12	-0.06	-0.05
24.687	0.86	0.72	-9.85	0.01	0.01	-0.02
24.732	0.77	0.66	-9.78	0.05	-0.04	0.04
24.759	0.83	0.76	-9.83	-0.03	0.07	0.02
24.786	0.92	0.65	-9.82	0.00	-0.08	0.13
24.813	0.77	0.74	-9.74	-0.00	-0.06	-0.05
24.841	0.80	0.70	-9.80	-0.05	-0.06	0.04
24.867	0.80	0.68	-9.79	-0.05	-0.14	-0.04
24.895	0.77	0.66	-9.76	-0.00	0.10	-0.14
24.922	0.74	0.68	-9.78	-0.04	-0.11	-0.02
24.949	0.90	0.76	-9.75	-0.01	0.05	0.02
24.976	0.80	0.75	-9.83	0.02	0.01	-0.09
25.007	0.76	0.72	-9.70	0.05	-0.04	-0.12
25.033	0.77	0.73	-9.78	0.05	0.01	0.07
25.061	0.83	0.72	-9.74	-0.08	-0.09	-0.11
25.088	0.83	0.60	-9.81	0.03	-0.00	0.07
25.115	0.81	0.64	-9.74	-0.07	-0.04	-0.01
25.142	0.78	0.62	-9.80	-0.09	0.04	0.12
25.169	0.80	0.68	-9.73	-0.06	-0.01	-0.14
25.196	0.88	0.61	-9.75	-0.06	-0.01	0.01
25.224	0.83	0.71	-9.78	0.01	-0.07	-0.01
25.250	0.84	0.75	-9.70	0.12	-0.01	0.05
25.278	0.83	0.65	-9.79	-0.02	0.01	-0.06
25.305	0.91	0.69	-9.74	0.09	-0.06	-0.02
25.332	0.76	0.62	-9.67	-0.12	0.14	0.12
25.362	0.80	0.75	-9.77	0.04	-0.01	0.09
25.389	0.85	0.71	-9.83	0.04	-0.07	-0.05
25.416	0.86	0.67	-9.78	-0.07	0.03	0.14
25.443	0.75	0.68	-9.80	0.04	0.04	0.05
25.470	0.82	0.74	-9.73	-0.02	-0.01	0.06
25.497	0.85	0.65	-9.77	-0.02	-0.01	0.00
25.525	0.82	0.70	-9.83	0.01	-0.00	0.15
25.551	0.78	0.73	-9.79	0.03	-0.03	-0.03
25.579	0.80	0.70	-9.76	-0.05	0.01	0.06
25.606	0.80	0.68	-9.65	-0.05	0.08	0.03
25.633	0.80	0.70	-9.78	0.02	-0.01	-0.03
25.660	0.78	0.65	-9.71	0.01	0.07	-0.01
25.688	0.77	0.75	-9.76	0.03	-0.03	0.04
25.717	0.77	0.64	-9.79	0.01	-0.08	0.10
25.745	0.79	0.68	-9.81	0.07	-0.05	0.00
25.772	0.83	0.70	-9.75	0.04	-0.08	0.07
25.804	0.82	0.62	-9.74	0.04	-0.03	-0.03
25.832	0.82	0.75	-9.68	-0.03	-0.12	-0.02
25.859	0.77	0.61	-9.76	-0.05	0.01	0.09
25.886	0.83	0.68	-9.76	0.01	0.00	0.08
25.913	0.77	0.66	-9.88	0.09	-0.10	0.05
25.940	0.85	0.71	-9.81	-0.02	-0.10	0.02
25.967	0.83	0.62	-9.78	0.08	-0.02	-0.08
25.995	0.83	0.66	-9.75	-0.01	0.01	0.05
26.021	0.81	0.74	-9.76	0.07	-0.03	-0.09
26.049	0.78	0.66	-9.78	0.02	0.05	0.08
26.079	0.83	0.65	-9.81	0.03	0.04	0.09
26.105	0.78	0.64	-9.72	0.00	-0.05	0.11
26.133	0.86	0.68	-9.78	0.06	0.10	-0.10
26.160	0.75	0.70	-9.76	-0.04	0.04	-0.16
26.187	0.84	0.75	-9.88	0.03	-0.06	-0.06
26.214	0.81	0.69	-9.73	0.08	0.00	-0.08
26.242	0.83	0.74	-9.71	0.02	0.15	-0.03
26.268	0.80	0.69	-9.77	-0.09	-0.07	-0.07
26.296	0.82	0.73	-9.78	0.08	0.02	0.04
26.322	0.83	0.70	-9.82	-0.06	0.04	0.04
26.349	0.78	0.65	-9.80	-0.02	0.00	-0.07
26.377	0.82	0.73	-9.74	-0.04	-0.01	-0.04
26.403	0.83	0.68	-9.80	-0.03	0.00	0.00
26.434	0.81	0.76	-9.73	-0.03	-0.11	-0.03
26.461	0.80	0.68	-9.74	-0.00	-0.06	-0.02
26.488	0.81	0.67	-9.83	0.04	-0.04	0.04
26.515	0.82	0.78	-9.78	-0.01	-0.01	0.10
26.543	0.80	0.68	-9.88	-0.01	0.06	-0.02
26.569	0.77	0.65	-9.79	0.00	0.02	-0.09
26.597	0.75	0.69	-9.82	0.07	0.08	-0.06
26.624	0.82	0.65	-9.74	-0.10	-0.05	-0.04
26.651	0.76	0.61	-9.75	0.02	-0.02	0.08
26.678	0.88	0.73	-9.78	-0.06	0.03	0.16
26.705	0.88	0.68	-9.77	0.01	-0.07	0.01
26.732	0.80	0.61	-9.74	0.07	-0.08	0.02
26.759	0.84	0.69	-9.72	-0.01	0.12	0.03
26.789	0.77	0.79	-9.67	-0.09	0.05	-0.01
26.816	0.84	0.71	-9.77	-0.07	-0.01	0.05
26.844	0.80	0.73	-9.78	0.10	0.03	0.01
26.870	0.90	0.69	-9.71	0.02	-0.03	-0.06
26.898	0.80	0.65	-9.76	-0.01	0.07	0.07
26.943	0.85	0.75	-9.78	0.05	-0.05	0.02
26.970	0.83	0.67	-9.78	-0.02	-0.01	0.02
26.996	0.80	0.75	-9.77	-0.05	0.10	0.06
27.024	0.82	0.65	-9.83	-0.01	0.03	0.00
27.051	0.80	0.67	-9.76	0.03	0.03	-0.07
27.078	0.76	0.61	-9.76	-0.08	0.07	0.02
27.105	0.80	0.60	-9.80	-0.02	0.07	0.14
27.132	0.83	0.68	-9.80	0.07	-0.02	-0.14
27.162	0.80	0.75	-9.80	0.01	-0.09	0.02
27.189	0.82	0.75	-9.78	0.05	-0.18	0.04
27.216	0.78	0.70	-9.72	0.06	0.05	-0.12
27.243	0.86	0.68	-9.75	0.02	0.02	0.02
27.271	0.79	0.68	-9.83	-0.02	0.03	0.01
27.297	0.85	0.70	-9.74	-0.08	0.03	0.04
27.325	0.83	0.58	-9.82	-0.11	0.13	0.13
27.352	0.83	0.61	-9.72	0.02	-0.04	0.13
27.379	0.85	0.68	-9.77	0.09	-0.08	-0.06
27.406	0.80	0.64	-9.86	-0.01	0.01	-0.03
27.433	0.83	0.66	-9.73	0.00	0.10	-0.08
27.460	0.94	0.78	-9.80	0.06	0.04	0.15
27.488	0.84	0.74	-9.73	0.02	-0.01	0.09
27.517	0.79	0.72	-9.78	0.00	0.08	0.14
27.544	0.80	0.60	-9.73	0.06	-0.01	-0.01
27.572	0.88	0.70	-9.78	-0.01	-0.03	-0.05
27.598	0.85	0.62	-9.86	0.03	0.04	0.05
27.626	0.80	0.66	-9.75	0.00	-0.02	0.00
27.653	0.76	0.69	-9.83	-0.01	0.01	0.14
27.680	0.80	0.68	-9.75	0.07	-0.04	-0.04
27.707	0.88	0.70	-9.78	0.06	0.04	-0.04
27.734	0.81	0.62	-9.81	0.05	-0.08	0.01
27.761	0.81	0.68	-9.75	-0.02	0.07	0.07
27.788	0.84	0.62	-9.75	-0.08	0.05	0.04
27.815	0.80	0.64	-9.69	-0.02	-0.08	-0.00
27.842	0.85	0.73	-9.74	-0.01	0.01	0.03
27.873	0.89	0.65	-9.74	-0.01	0.02	-0.03
27.899	0.85	0.69	-9.76	0.00	0.06	0.04
27.926	0.82	0.67	-9.78	0.02	0.08	-0.05
27.954	0.80	0.70	-9.77	0.06	-0.03	0.14
27.980	0.76	0.68	-9.80	0.02	0.06	-0.03
28.013	0.75	0.68	-9.76	0.04	-0.07	0.03
28.041	0.78	0.73	-9.82	0.02	0.00	-0.01
28.067	0.81	0.65	-9.83	0.01	-0.06	-0.03
28.095	0.82	0.72	-9.78	0.01	0.01	0.01
28.122	0.81	0.71	-9.76	-0.03	0.04	-0.02
28.149	0.79	0.73	-9.68	0.06	-0.07	-0.13
28.176	0.80	0.68	-9.76	0.00	-0.01	0.02
28.204	0.80	0.68	-9.76	0.04	-0.03	-0.10
28.233	0.85	0.65	-9.70	-0.06	0.04	-0.01
28.260	0.91	0.55	-9.81	-0.00	0.06	0.13
28.288	0.82	0.73	-9.78	-0.05	-0.01	0.12
28.314	0.83	0.75	-9.83	0.05	-0.00	-0.03
28.342	0.79	0.64	-9.80	-0.06	0.04	-0.11
28.368	0.79	0.68	-9.80	-0.05	-0.02	-0.03
28.396	0.79	0.68	-9.83	0.02	-0.06	-0.10
28.423	0.83	0.71	-9.78	0.11	-0.04	0.06
28.450	0.80	0.63	-9.77	-0.04	0.02	0.12
28.477	0.80	0.69	-9.75	0.06	-0.06	-0.01
28.505	0.80	0.80	-9.75	0.01	-0.06	0.15
28.531	0.79	0.77	-9.77	0.05	0.06	0.00
28.559	0.83	0.68	-9.75	0.01	0.04	-0.03
28.589	0.84	0.68	-9.77	0.05	-0.08	-0.14
28.616	0.84	0.61	-9.73	0.03	-0.07	0.01
28.643	0.84	0.70	-9.83	0.10	-0.07	-0.01
28.669	0.80	0.76	-9.73	-0.07	-0.02	-0.02
28.697	0.77	0.73	-9.81	-0.00	0.01	0.15
28.724	0.82	0.68	-9.82	0.03	0.09	0.04
28.751	0.82	0.65	-9.77	0.03	0.04	0.05
28.778	0.87	0.72	-9.66	0.03	0.01	0.12
28.806	0.81	0.67	-9.77	0.02	0.02	0.12
28.832	0.80	0.71	-9.73	-0.05	0.00	0.04
28.860	0.84	0.66	-9.73	0.07	0.06	-0.02
28.887	0.79	0.68	-9.81	-0.01	0.06	-0.03
28.914	0.80	0.69	-9.83	-0.04	0.09	-0.00
28.944	0.80	0.62	-9.80	0.04	0.01	-0.06
28.971	0.78	0.76	-9.76	0.07	-0.09	-0.06
28.998	0.82	0.66	-9.73	0.01	-0.06	0.05
29.025	0.81	0.65	-9.73	0.01	-0.01	-0.04
29.052	0.77	0.68	-9.81	0.00	-0.10	-0.02
29.079	0.88	0.62	-9.69	0.02	0.07	0.00
29.107	0.80	0.62	-9.80	0.01	0.04	0.12
29.151	0.76	0.70	-9.73	0.07	-0.04	-0.08
29.178	0.75	0.69	-9.83	-0.03	-0.00	0.03
29.205	0.80	0.73	-9.78	0.05	0.06	-0.13
29.233	0.83	0.52	-9.77	-0.03	-0.01	0.05
29.259	0.86	0.68	-9.75	-0.01	-0.02	-0.06
29.287	0.80	0.74	-9.76	0.09	-0.04	-0.12
29.317	0.78	0.62	-9.85	0.05	-0.13	-0.01
29.344	0.77	0.69	-9.78	-0.02	0.04	0.13
29.371	0.74	0.64	-9.73	-0.02	-0.08	-0.06
29.399	0.83	0.65	-9.78	-0.03	0.06	0.06
29.425	0.85	0.73	-9.79	-0.01	0.07	0.00
29.453	0.80	0.68	-9.70	0.05	0.03	-0.11
29.479	0.85	0.74	-9.80	0.05	-0.12	-0.13
29.507	0.75	0.60	-9.73	-0.01	-0.01	0.03
29.534	0.85	0.73	-9.83	0.07	0.03	-0.11
29.561	0.85	0.69	-9.66	-0.09	0.01	0.08
29.588	0.83	0.72	-9.83	0.03	0.02	-0.04
29.616	0.77	0.72	-9.76	-0.00	-0.04	-0.16
29.642	0.77	0.73	-9.77	-0.06	-0.16	0.03
29.672	0.82	0.67	-9.82	0.01	0.05	-0.09
29.700	0.77	0.75	-9.81	0.06	-0.04	-0.11
29.727	0.83	0.62	-9.76	0.05	0.06	-0.10
29.754	0.85	0.73	-9.71	-0.01	0.03	-0.19
29.780	0.80	0.68	-9.81	-0.02	-0.04	-0.02
29.808	0.81	0.72	-9.74	-0.01	0.01	0.12
29.836	0.75	0.68	-9.83	0.07	-0.05	-0.00
29.862	0.83	0.62	-9.78	0.04	0.04	-0.03
29.890	0.78	0.75	-9.80	-0.10	0.09	-0.13
29.917	0.78	0.70	-9.71	0.02	-0.07	-0.08
29.944	0.78	0.73	-9.83	0.06	0.04	0.02
29.971	0.84	0.76	-9.76	0.13	-0.04	0.07
29.998	0.78	0.78	-9.78	-0.01	0.09	0.12
30.028	0.84	0.74	-9.80	-0.04	0.14	0.02
30.055	0.85	0.68	-9.76	-0.00	-0.04	0.05
30.083	0.87	0.65	-9.79	-0.08	-0.08	0.10
30.109	0.84	0.71	-9.80	-0.08	0.09	-0.07
30.137	0.78	0.69	-9.75	-0.00	0.07	0.05
30.163	0.81	0.70	-9.71	0.04	-0.03	0.01
30.191	0.84	0.64	-9.71	0.06	0.09	-0.01
30.224	0.79	0.74	-9.79	-0.10	0.04	0.09
30.251	0.78	0.66	-9.78	-0.01	-0.01	0.08
30.278	0.79	0.67	-9.82	0.02	-0.12	-0.09
30.305	0.83	0.73	-9.74	-0.09	0.03	0.04
30.332	0.78	0.77	-9.71	0.06	0.10	-0.13
30.359	0.79	0.75	-9.85	0.01	-0.03	0.01
30.390	0.80	0.70	-9.78	-0.03	0.00	0.06
30.416	0.83	0.77	-9.67	0.08	-0.08	0.05
30.444	0.75	0.70	-9.75	0.04	-0.04	0.05
30.471	0.83	0.68	-9.80	-0.02	0.07	0.03
30.497	0.82	0.74	-9.80	-0.03	-0.04	0.06
30.525	0.81	0.73	-9.80	0.03	0.01	-0.06
30.552	0.80	0.65	-9.80	0.09	-0.10	0.06
30.579	0.85	0.72	-9.85	0.07	-0.05	0.04
30.606	0.78	0.59	-9.80	0.04	0.04	0.08
30.633	0.86	0.70	-9.82	0.02	0.08	0.10
30.660	0.80	0.67	-9.82	-0.04	-0.04	-0.06
30.688	0.80	0.79	-9.74	0.07	-0.07	-0.12
30.714	0.82	0.70	-9.83	-0.02	0.05	-0.09
30.744	0.84	0.66	-9.80	-0.07	0.07	0.03
30.772	0.79	0.70	-9.74	0.01	0.06	0.04
30.798	0.88	0.72	-9.67	-0.03	-0.04	0.01
30.826	0.77	0.57	-9.74	-0.04	-0.04	0.11
30.853	0.83	0.68	-9.85	0.01	0.06	-0.01
30.880	0.85	0.68	-9.80	0.07	-0.06	0.01
30.907	0.85	0.70	-9.83	0.02	-0.04	0.13
30.935	0.84	0.72	-9.72	-0.03	-0.03	0.01
30.961	0.75	0.67	-9.88	-0.07	-0.10	0.03
30.989	0.85	0.61	-9.80	-0.04	0.02	0.05
31.015	0.75	0.70	-9.76	-0.04	-0.07	-0.03
31.043	0.78	0.68	-9.74	-0.02	0.03	0.20
31.070	0.81	0.73	-9.82	0.11	0.01	0.03
31.099	0.77	0.70	-9.77	-0.03	0.13	0.06
31.127	0.83	0.65	-9.82	-0.03	-0.09	-0.08
31.154	0.75	0.68	-9.74	-0.08	0.03	0.06
31.181	0.80	0.73	-9.72	-0.02	0.02	0.06
31.208	0.85	0.68	-9.71	-0.03	0.00	0.15
31.236	0.82	0.70	-9.78	0.00	-0.11	0.03
31.262	0.83	0.61	-9.75	0.04	-0.08	0.17
31.290	0.79	0.65	-9.82	-0.06	-0.03	0.12
31.316	0.80	0.65	-9.79	-0.08	0.02	-0.04
31.362	0.84	0.65	-9.77	0.04	0.03	0.08
31.388	0.78	0.72	-9.76	-0.06	0.03	-0.02
31.416	0.85	0.72	-9.73	0.04	0.02	0.07
31.442	0.85	0.67	-9.78	0.03	0.06	-0.05
31.473	0.80	0.70	-9.83	-0.07	0.04	0.08
31.500	0.84	0.70	-9.75	0.12	-0.15	-0.12
31.527	0.82	0.68	-9.79	-0.11	0.01	0.17
31.554	0.88	0.75	-9.78	0.03	-0.00	0.13
31.581	0.79	0.63	-9.76	0.05	0.00	-0.01
31.608	0.81	0.72	-9.82	-0.06	0.06	0.09
31.635	0.79	0.74	-9.84	0.08	-0.04	-0.08
31.663	0.84	0.65	-9.73	-0.09	0.05	0.01
31.689	0.83	0.70	-9.73	0.00	0.05	-0.13
31.717	0.79	0.70	-9.76	-0.06	0.00	-0.02
31.744	0.88	0.66	-9.79	-0.03	-0.03	0.06
31.771	0.83	0.74	-9.77	0.07	-0.07	0.04
31.798	0.80	0.68	-9.77	-0.01	0.01	0.05
31.827	0.80	0.68	-9.68	0.00	-0.10	0.18
31.855	0.83	0.73	-9.66	-0.04	-0.01	0.05
31.882	0.83	0.62	-9.74	0.04	0.06	-0.09
31.909	0.83	0.68	-9.68	-0.03	0.01	0.09
31.936	0.84	0.73	-9.78	-0.02	-0.05	-0.20
31.964	0.85	0.68	-9.79	-0.02	-0.08	0.11
31.990	0.80	0.66	-9.77	0.04	-0.10	-0.11
32.018	0.83	0.69	-9.75	0.01	0.04	-0.06
32.045	0.80	0.73	-9.78	-0.12	0.05	0.13
32.072	0.80	0.73	-9.71	-0.03	0.00	0.10
32.099	0.85	0.67	-9.80	0.03	0.04	-0.01
32.126	0.80	0.63	-9.83	0.07	0.04	0.04
32.153	0.81	0.68	-9.78	0.07	0.02	-0.03
32.183	0.79	0.70	-9.73	0.03	-0.08	0.14
32.210	0.82	0.72	-9.74	0.04	0.08	0.05
32.237	0.80	0.71	-9.79	-0.02	0.03	-0.04
32.265	0.80	0.71	-9.71	0.01	0.06	0.00
32.291	0.84	0.74	-9.88	0.04	0.13	0.08
32.318	0.81	0.72	-9.89	-0.05	0.01	0.07
32.346	0.80	0.68	-9.85	-0.07	0.06	0.12
32.372	0.83	0.68	-9.68	0.07	0.06	0.03
32.400	0.87	0.68	-9.73	-0.02	-0.04	0.01
32.433	0.99	0.29	-9.55	-0.03	0.07	0.01
32.459	1.12	0.98	-9.92	0.06	-0.15	0.03
32.487	1.24	-0.17	-9.83	0.08	-0.07	-0.05
32.514	0.70	1.03	-9.67	-0.01	0.00	-0.04
32.541	0.71	0.50	-9.91	-0.02	0.02	-0.07
32.571	0.65	0.35	-9.89	0.04	0.05	0.18
32.598	0.55	0.02	-10.04	0.00	-0.03	0.01
32.625	0.72	1.16	-9.93	-0.02	-0.09	-0.12
32.653	0.85	0.29	-9.85	-0.07	0.03	-0.05
32.679	1.19	0.73	-9.74	-0.09	0.06	-0.05
32.707	0.99	1.13	-9.75	-0.01	0.10	-0.04
32.734	1.08	0.76	-9.60	0.07	0.05	0.01
32.760	0.83	-0.22	-9.80	-0.12	-0.05	-0.10
32.788	0.68	1.02	-9.77	-0.03	-0.10	0.00
32.816	0.76	0.13	-9.71	0.04	0.02	-0.10
32.842	0.86	0.74	-9.83	0.04	0.00	-0.09
32.869	0.86	0.60	-9.67	0.12	0.02	0.13
32.900	1.26	0.60	-9.67	0.02	-0.14	0.02
32.926	0.29	0.73	-9.80	-0.03	-0.03	0.05
32.954	1.19	0.91	-9.63	0.18	-0.12	-0.14
32.980	3.17	-0.03	-8.80	0.16	0.01	-0.03
33.008	-0.96	0.10	-10.17	0.06	0.00	0.02
33.035	-0.98	1.06	-9.74	-0.07	0.07	0.08
33.062	0.15	0.69	-9.47	0.05	0.02	0.02
33.089	-0.06	1.45	-9.95	-0.08	0.01	-0.08
33.117	0.87	0.05	-9.70	0.12	0.01	-0.07
33.143	0.69	-0.05	-10.47	-0.16	0.09	0.04
33.171	2.54	0.90	-10.01	0.00	0.14	0.12
33.198	-0.01	0.02	-9.64	-0.06	-0.03	0.10
33.225	0.47	1.13	-9.82	-0.03	0.06	0.08
33.255	0.01	0.75	-9.88	0.03	-0.06	0.13
33.282	0.16	0.21	-10.34	-0.02	-0.04	0.01
33.309	0.19	1.94	-10.00	0.03	0.04	-0.08
33.336	1.76	1.33	-9.02	-0.05	-0.04	0.11
33.363	2.15	0.34	-9.07	0.12	-0.12	0.04
33.390	3.61	-0.04	-8.69	0.01	0.07	-0.05
