Time 	 AccX 	 AccY 	 AccZ 	 GyroX 	 GyroY 	 GyroZ
0.499	1.21	0.55	-9.74	0.00	0.08	0.03
0.526	1.23	0.60	-9.77	-0.09	0.04	0.10
0.553	1.27	0.57	-9.70	0.01	-0.11	-0.07
0.580	1.18	0.60	-9.78	-0.03	0.08	-0.02
0.608	1.18	0.55	-9.77	-0.08	-0.07	-0.02
0.634	1.21	0.60	-9.74	0.01	-0.06	-0.13
0.661	1.23	0.59	-9.77	0.03	-0.04	0.02
0.689	1.17	0.57	-9.79	-0.03	0.09	0.14
0.715	1.21	0.64	-9.74	-0.01	-0.03	-0.16
0.743	1.16	0.58	-9.72	-0.07	-0.04	0.10
0.770	1.21	0.60	-9.73	0.03	-0.04	-0.01
0.796	1.24	0.62	-9.62	0.05	-0.07	0.08
0.827	1.19	0.52	-9.74	0.02	-0.02	-0.08
0.854	1.22	0.57	-9.68	-0.01	-0.00	0.11
0.880	1.31	0.58	-9.66	-0.04	0.10	-0.03
0.908	1.30	0.66	-9.70	-0.02	0.01	0.05
0.934	1.16	0.49	-9.69	0.14	-0.01	-0.14
0.962	1.20	0.57	-9.70	-0.01	-0.04	0.02
0.989	1.19	0.61	-9.73	-0.02	0.01	0.05
1.015	1.20	0.57	-9.74	-0.04	0.04	-0.02
1.043	1.24	0.50	-9.75	0.02	-0.16	-0.08
1.070	1.18	0.47	-9.69	0.01	-0.03	-0.12
1.113	1.17	0.52	-9.73	0.02	0.13	-0.09
1.139	1.29	0.60	-9.70	0.02	-0.12	0.12
1.167	1.21	0.59	-9.78	-0.01	-0.01	0.05
1.193	1.22	0.53	-9.68	0.07	-0.13	-0.07
1.223	1.17	0.62	-9.75	-0.11	-0.02	-0.02
1.251	1.21	0.55	-9.80	0.01	-0.06	-0.08
1.277	1.17	0.55	-9.75	-0.03	-0.03	-0.02
1.305	1.18	0.64	-9.80	-0.04	-0.05	-0.00
1.332	1.24	0.65	-9.84	-0.08	0.02	-0.03
1.358	1.20	0.50	-9.70	0.05	-0.04	0.10
1.386	1.16	0.51	-9.70	-0.00	0.06	0.03
1.413	1.21	0.55	-9.83	-0.07	0.02	-0.01
1.440	1.17	0.65	-9.73	-0.10	0.05	-0.10
1.467	1.16	0.52	-9.82	-0.07	-0.03	-0.00
1.494	1.21	0.60	-9.85	-0.08	-0.03	-0.01
1.521	1.22	0.49	-9.70	-0.02	-0.00	-0.10
1.548	1.23	0.59	-9.76	0.03	-0.06	-0.17
1.579	1.08	0.53	-9.67	0.00	-0.02	-0.05
1.605	1.06	0.62	-9.71	0.02	0.12	0.00
1.632	1.14	0.58	-9.73	0.01	0.04	-0.22
1.659	1.23	0.69	-9.75	0.06	0.01	0.10
1.686	1.19	0.61	-9.65	0.03	-0.06	-0.02
1.713	1.19	0.39	-9.67	-0.12	-0.04	0.07
1.740	1.22	0.73	-9.66	0.01	0.00	0.05
1.767	1.20	0.52	-9.78	0.02	-0.04	-0.00
1.795	1.22	0.52	-9.72	0.01	-0.04	-0.00
1.821	1.24	0.55	-9.67	0.07	0.00	-0.10
1.848	1.24	0.59	-9.80	0.12	0.02	0.00
1.875	1.14	0.65	-9.78	0.00	0.07	0.04
1.902	1.25	0.51	-9.75	0.04	-0.08	0.08
1.932	1.28	0.47	-9.78	0.03	0.03	-0.03
1.958	1.16	0.57	-9.75	0.04	-0.07	-0.09
1.986	1.24	0.47	-9.67	0.05	-0.08	-0.12
2.013	1.25	0.43	-9.74	-0.08	0.01	0.04
2.040	1.22	0.62	-9.76	-0.03	0.07	0.04
2.067	1.17	0.50	-9.67	-0.09	0.06	0.06
2.094	1.16	0.58	-9.65	0.04	0.01	0.03
2.121	1.19	0.55	-9.70	-0.03	0.05	0.07
2.148	1.23	0.60	-9.80	-0.07	0.01	0.15
2.174	1.21	0.60	-9.72	-0.09	0.06	0.09
2.208	1.12	0.62	-9.78	-0.03	-0.14	-0.13
2.235	1.19	0.54	-9.68	-0.07	0.01	-0.08
2.262	1.26	0.53	-9.70	-0.05	-0.06	0.02
2.292	1.24	0.55	-9.73	-0.00	-0.07	0.11
2.319	1.26	0.65	-9.73	-0.02	-0.01	0.05
2.345	1.24	0.64	-9.74	-0.03	-0.04	0.03
2.373	1.20	0.57	-9.73	-0.03	0.03	-0.04
2.400	1.15	0.57	-9.80	0.02	-0.09	-0.05
2.427	1.24	0.60	-9.78	0.04	-0.01	-0.09
2.454	1.21	0.50	-9.70	-0.05	0.01	0.01
2.481	1.19	0.52	-9.75	-0.07	0.14	0.11
2.508	1.20	0.48	-9.74	0.04	0.00	-0.12
2.535	1.18	0.55	-9.70	0.02	-0.01	-0.11
2.563	1.26	0.54	-9.68	0.01	0.03	0.04
2.589	1.23	0.50	-9.62	0.03	0.02	-0.03
2.616	1.23	0.52	-9.67	0.00	0.01	-0.06
2.643	1.21	0.60	-9.78	-0.05	0.08	0.08
2.673	1.26	0.63	-9.76	-0.01	0.01	-0.10
2.700	1.31	0.44	-9.64	-0.00	-0.04	0.08
2.727	1.23	0.58	-9.69	-0.01	0.04	-0.01
2.754	1.16	0.54	-9.76	0.07	-0.05	-0.04
2.782	1.20	0.55	-9.76	0.02	-0.02	-0.02
2.808	1.16	0.58	-9.75	-0.04	0.09	-0.03
2.835	1.22	0.59	-9.77	0.01	0.01	-0.09
2.863	1.22	0.58	-9.76	0.15	-0.02	0.02
2.889	1.15	0.60	-9.72	-0.02	0.03	-0.04
2.917	1.24	0.53	-9.73	0.03	0.04	0.03
2.944	1.19	0.60	-9.73	-0.04	-0.07	-0.09
2.970	1.19	0.53	-9.75	-0.05	-0.07	-0.24
2.998	1.24	0.61	-9.73	0.01	-0.01	0.05
3.027	1.21	0.59	-9.69	0.02	0.04	0.08
3.054	1.25	0.62	-9.71	0.17	-0.01	0.08
3.082	1.18	0.58	-9.72	0.04	0.04	0.01
3.108	1.23	0.56	-9.73	0.04	0.00	0.09
3.135	1.16	0.60	-9.76	0.07	0.03	-0.01
3.163	1.16	0.55	-9.71	0.05	0.04	-0.03
3.189	1.21	0.57	-9.73	0.04	-0.07	-0.01
3.217	1.19	0.55	-9.82	0.02	-0.11	0.07
3.244	1.26	0.50	-9.78	-0.01	-0.01	0.06
3.270	1.18	0.60	-9.76	0.04	-0.09	0.15
3.298	1.24	0.55	-9.67	0.00	0.01	0.13
3.324	1.16	0.57	-9.69	0.05	-0.03	-0.07
3.366	1.20	0.59	-9.75	0.00	0.00	0.01
3.393	1.13	0.55	-9.77	-0.04	-0.03	0.04
3.423	1.24	0.57	-9.76	0.04	-0.16	-0.09
3.450	1.16	0.49	-9.71	0.10	0.10	0.11
3.477	1.19	0.53	-9.70	0.06	-0.08	-0.10
3.504	1.24	0.55	-9.70	-0.03	0.06	0.04
3.531	1.15	0.63	-9.79	0.09	-0.00	0.03
3.558	1.24	0.55	-9.68	-0.07	0.01	0.06
3.585	1.21	0.52	-9.78	0.05	0.10	-0.06
3.612	1.20	0.64	-9.77	-0.07	-0.05	0.06
3.639	1.23	0.52	-9.79	-0.09	0.10	-0.05
3.666	1.22	0.51	-9.77	0.07	0.06	0.03
3.693	1.13	0.45	-9.75	0.06	0.03	0.09
3.720	1.22	0.55	-9.73	-0.04	0.06	0.05
3.747	1.14	0.50	-9.74	0.01	-0.01	-0.11
3.777	1.16	0.55	-9.79	-0.01	0.07	0.02
3.804	1.29	0.56	-9.76	-0.06	0.01	0.06
3.831	1.19	0.53	-9.72	0.02	-0.13	-0.10
3.858	1.25	0.52	-9.73	0.09	-0.04	-0.03
3.886	1.17	0.63	-9.75	0.01	0.06	0.17
3.912	1.21	0.55	-9.69	-0.08	-0.01	0.07
3.939	1.21	0.49	-9.83	0.01	-0.03	-0.06
3.966	1.18	0.57	-9.77	0.06	0.08	-0.05
3.993	1.19	0.58	-9.70	-0.00	-0.08	-0.01
4.021	1.12	0.55	-9.77	-0.03	0.10	-0.05
4.047	1.21	0.61	-9.76	0.01	-0.02	-0.09
4.074	1.25	0.61	-9.75	0.00	0.05	0.07
4.102	1.17	0.56	-9.72	0.06	-0.09	-0.06
4.131	1.15	0.59	-9.73	0.04	0.03	-0.04
4.158	1.19	0.60	-9.75	0.02	0.01	-0.02
4.186	1.29	0.57	-9.73	-0.10	-0.01	0.04
4.212	1.16	0.65	-9.68	0.06	-0.03	0.10
4.240	1.17	0.59	-9.80	0.02	-0.01	0.08
4.267	1.19	0.64	-9.71	-0.05	0.06	0.09
4.293	1.21	0.58	-9.77	-0.06	-0.01	0.06
4.321	1.21	0.54	-9.70	-0.04	-0.04	-0.10
4.347	1.28	0.54	-9.76	0.07	0.07	0.04
4.375	1.16	0.55	-9.76	-0.03	0.09	0.03
4.402	1.24	0.58	-9.70	-0.07	-0.02	0.05
4.428	1.17	0.51	-9.74	-0.12	0.03	0.03
4.461	1.19	0.52	-9.72	0.05	-0.07	-0.14
4.489	1.22	0.32	-8.09	0.03	0.02	-0.01
4.518	5.52	-0.83	-10.70	-0.10	0.55	0.06
4.546	11.54	0.77	-9.28	-0.04	0.02	0.20
4.573	8.58	-0.66	-7.81	0.01	0.24	-0.08
4.599	12.04	3.51	-10.17	-0.03	0.02	-0.19
4.627	8.56	3.71	-3.10	0.10	-0.10	0.02
4.654	12.58	-7.64	-6.00	0.07	0.20	0.02
4.681	4.63	7.61	-10.03	0.09	0.03	-0.17
4.708	18.75	2.84	-4.40	-0.05	0.14	-0.12
4.736	11.33	2.06	-4.53	0.05	-0.01	0.03
4.762	0.01	-8.81	-13.73	0.07	0.02	0.19
4.790	15.20	2.92	-10.22	-0.04	0.14	0.09
4.816	7.33	-3.56	-5.04	0.11	0.06	0.24
4.844	3.63	0.22	-11.76	0.07	-0.14	0.22
4.874	1.26	-3.23	-5.58	-0.05	0.14	-0.08
4.901	3.77	-0.66	-9.53	0.00	0.13	0.23
4.928	0.37	-0.33	-7.51	0.05	0.05	0.16
4.955	0.68	5.70	-10.82	-0.11	0.04	-0.07
4.982	1.19	1.17	-4.18	-0.29	-0.13	0.07
5.009	-1.34	3.62	-14.47	0.04	-0.19	0.05
5.037	-1.52	0.95	-6.82	-0.07	-0.07	0.08
5.063	3.74	3.53	-11.62	-0.09	0.00	0.25
5.091	-0.85	0.42	-13.23	-0.09	-0.00	0.33
5.117	-2.64	-0.26	-4.41	-0.16	-0.23	0.30
5.145	2.50	3.34	-8.53	-0.08	-0.16	0.24
5.172	1.37	2.66	-10.31	-0.01	-0.08	0.15
5.199	-1.69	-3.86	-12.30	-0.17	0.14	0.15
5.229	-3.22	7.08	-10.79	0.17	0.10	-0.08
5.257	-7.24	0.24	-10.21	0.12	0.07	-0.07
5.283	3.35	2.17	-10.72	-0.05	-0.02	0.29
5.311	1.85	5.02	-13.77	-0.01	0.05	0.24
5.338	-2.54	1.34	-13.08	-0.00	0.15	0.19
5.365	3.37	1.70	-11.89	0.06	0.00	0.17
5.392	3.67	0.76	-7.50	0.05	-0.18	0.09
5.420	0.55	-0.40	-7.15	-0.20	0.08	0.25
5.446	-0.45	1.62	-8.89	-0.07	-0.17	0.01
5.474	-1.77	1.55	-6.46	-0.07	-0.09	0.04
5.500	0.14	-5.07	-10.54	-0.05	-0.20	-0.03
5.528	3.92	0.62	-2.33	-0.09	-0.27	-0.00
5.558	4.43	-1.41	-9.21	-0.12	-0.13	0.11
5.600	-3.35	3.11	-8.34	-0.15	0.13	0.13
5.626	10.90	-1.42	-14.02	-0.12	-0.21	0.09
5.654	5.44	4.88	-7.25	0.02	0.11	0.01
5.681	-2.65	-1.99	-11.86	0.12	-0.07	0.01
5.708	3.34	-0.39	-12.58	-0.09	-0.04	-0.03
5.735	3.10	2.90	-10.32	0.13	-0.08	-0.08
5.763	1.54	-2.39	-13.17	0.17	0.06	0.06
5.789	1.78	-0.82	-15.55	0.05	0.14	-0.16
5.817	-0.01	-1.13	-8.11	0.19	-0.20	0.04
5.843	-2.92	3.91	-8.47	0.02	-0.00	-0.02
5.871	2.05	3.34	-10.25	0.08	-0.28	-0.05
5.898	-9.78	-4.15	-14.00	0.10	0.07	-0.17
5.928	-9.63	-0.49	-12.78	0.00	-0.06	-0.09
5.955	-5.01	-0.96	-8.32	0.02	-0.20	0.03
5.983	-4.14	0.59	-7.86	0.04	0.03	-0.28
6.009	-3.11	-1.46	-7.53	0.16	0.15	-0.44
6.037	-8.03	0.03	-11.82	0.07	0.12	-0.39
6.064	-2.26	-1.33	-13.93	0.01	-0.19	-0.32
6.091	-3.01	-0.05	-8.14	0.14	0.06	-0.39
6.119	-5.42	-0.59	-11.46	-0.07	-0.11	-0.45
6.146	-1.75	2.59	-10.73	0.09	-0.02	-0.38
6.173	-5.33	-0.14	-10.26	0.03	-0.04	-0.45
6.200	-5.46	0.02	-8.09	0.22	-0.21	-0.33
6.227	-6.47	0.11	-11.36	-0.10	-0.01	-0.23
6.255	-5.87	0.93	-10.01	0.02	-0.11	-0.33
6.285	-4.59	-0.70	-11.36	0.05	-0.17	-0.03
6.312	-3.13	1.72	-10.41	-0.01	-0.05	-0.03
6.339	-4.85	-0.44	-10.25	0.05	0.00	0.01
6.367	-2.56	-0.85	-10.36	0.06	0.02	0.09
6.393	-3.53	-0.57	-10.12	-0.01	0.01	0.09
6.421	0.06	0.70	-9.39	-0.07	0.24	0.15
6.448	2.05	1.68	-10.15	0.02	0.04	-0.03
6.475	1.70	1.14	-9.71	0.00	0.05	-0.03
6.502	0.73	0.41	-9.68	-0.09	0.07	-0.03
6.529	1.80	0.81	-9.73	0.07	-0.01	-0.08
6.556	1.44	0.49	-9.73	-0.02	-0.01	-0.10
6.583	1.49	0.70	-9.76	0.04	-0.00	0.07
6.610	1.42	0.55	-9.73	-0.02	-0.05	0.05
6.640	1.34	0.59	-9.64	0.09	-0.06	-0.06
6.667	1.18	0.63	-9.80	-0.02	0.05	0.04
6.700	1.06	0.63	-9.68	-0.11	0.02	0.19
6.727	1.03	0.50	-9.74	-0.05	0.02	0.03
6.754	1.01	0.72	-9.79	0.08	0.02	-0.01
6.780	1.06	0.50	-9.71	0.06	-0.00	0.00
6.808	0.88	0.75	-9.73	0.04	-0.03	-0.15
6.835	1.02	0.73	-9.70	0.02	-0.02	0.05
6.861	0.91	0.59	-9.77	-0.01	-0.01	-0.01
6.889	0.90	0.50	-9.76	0.09	0.03	0.01
6.916	0.89	0.62	-9.80	-0.05	0.04	-0.00
6.942	1.05	0.60	-9.73	-0.06	0.10	0.06
6.970	1.07	0.60	-9.73	-0.04	-0.11	-0.03
7.000	1.04	0.70	-9.84	-0.03	0.08	0.03
7.026	1.06	0.56	-9.84	-0.00	0.05	0.06
7.054	1.11	0.55	-9.78	-0.01	-0.10	0.02
7.080	1.08	0.52	-9.76	-0.21	0.13	0.06
7.108	1.07	0.65	-9.81	0.07	0.05	-0.01
7.135	1.08	0.57	-9.73	-0.14	0.04	0.00
7.161	1.06	0.62	-9.78	-0.09	0.12	-0.01
7.189	1.02	0.68	-9.81	-0.04	-0.01	-0.03
7.216	1.01	0.66	-9.72	-0.02	0.06	0.02
7.242	0.96	0.68	-9.70	0.07	0.01	0.01
7.270	0.95	0.68	-9.77	-0.09	-0.07	0.07
7.297	1.03	0.67	-9.78	0.06	0.00	0.08
7.323	1.06	0.57	-9.76	-0.04	-0.06	-0.00
7.354	1.06	0.63	-9.81	-0.06	0.07	0.06
7.380	1.12	0.58	-9.78	-0.04	-0.06	-0.01
7.408	0.98	0.73	-9.70	-0.08	-0.05	-0.07
7.435	1.00	0.62	-9.71	0.02	-0.03	0.05
7.461	1.11	0.68	-9.76	-0.04	0.11	-0.09
7.489	1.01	0.59	-9.68	0.04	0.00	-0.07
7.516	1.00	0.63	-9.78	-0.07	0.06	-0.02
7.543	1.03	0.63	-9.78	-0.10	0.09	0.00
7.570	1.06	0.57	-9.90	-0.01	0.07	0.02
7.597	1.08	0.60	-9.75	0.02	0.02	-0.02
7.624	1.01	0.61	-9.74	-0.06	-0.06	-0.01
7.651	1.06	0.55	-9.77	0.07	0.08	0.04
7.677	1.07	0.72	-9.76	0.02	-0.05	0.02
7.705	1.06	0.65	-9.66	-0.01	0.03	0.03
7.735	1.04	0.63	-9.70	0.02	0.01	0.11
7.761	0.96	0.62	-9.75	-0.03	0.04	-0.04
7.789	1.01	0.61	-9.77	-0.01	-0.06	-0.06
7.830	1.04	0.62	-9.70	-0.01	0.09	-0.03
7.858	0.98	0.57	-9.76	0.02	0.03	0.03
7.884	1.11	0.61	-9.74	-0.05	0.00	0.05
7.911	1.01	0.56	-9.73	-0.05	0.09	-0.03
7.939	1.08	0.60	-9.71	-0.02	-0.01	0.12
7.965	1.03	0.60	-9.80	0.04	0.03	-0.09
7.993	1.06	0.58	-9.78	0.13	-0.11	-0.02
8.019	1.06	0.61	-9.67	0.05	0.04	0.08
8.046	1.16	0.55	-9.75	0.01	0.00	0.17
8.074	0.98	0.68	-9.80	-0.00	0.07	0.02
8.103	1.13	0.50	-9.76	0.00	-0.06	0.05
8.130	1.06	0.89	-9.59	-0.01	-0.12	-0.04
8.158	1.11	0.48	-9.74	0.10	-0.07	-0.07
8.184	0.55	-0.15	-9.98	-0.08	0.02	0.05
8.211	1.11	1.26	-9.83	-0.06	0.02	0.04
8.239	0.81	0.24	-9.59	-0.01	-0.03	0.14
8.265	1.23	0.75	-9.77	-0.07	0.00	0.00
8.292	0.97	0.89	-10.23	-0.02	0.01	0.18
8.320	1.08	0.67	-9.69	-0.03	0.01	0.03
8.346	1.28	0.62	-9.72	-0.02	0.06	0.04
8.374	1.31	1.19	-9.85	0.01	-0.02	0.00
8.400	1.14	0.79	-9.63	-0.12	0.05	0.05
8.427	0.91	0.98	-9.70	0.05	-0.03	-0.03
8.458	1.00	0.53	-9.75	-0.03	-0.07	0.08
8.484	1.08	0.67	-9.73	-0.04	-0.10	-0.13
8.512	1.19	0.40	-9.78	0.01	0.06	0.05
8.539	1.03	0.68	-9.64	-0.06	0.02	0.13
8.565	0.87	0.70	-9.84	0.02	-0.00	-0.00
8.593	0.94	0.62	-9.87	0.01	0.04	0.02
8.620	1.17	0.70	-9.77	-0.05	-0.01	-0.13
8.646	1.03	0.80	-9.78	0.10	0.05	0.04
8.674	1.16	0.78	-9.78	-0.01	0.12	0.00
8.700	1.00	0.64	-9.74	0.02	-0.04	-0.02
8.727	1.01	0.65	-9.52	-0.04	0.05	0.05
8.755	0.97	0.57	-9.63	-0.10	0.04	0.03
8.781	1.11	0.58	-9.78	0.01	0.08	0.11
8.808	0.99	0.72	-9.73	-0.01	0.03	0.04
8.839	1.01	0.60	-9.73	0.03	0.02	-0.09
8.865	1.11	0.83	-9.75	0.02	0.07	0.03
8.892	1.16	0.65	-9.83	0.11	0.04	-0.10
8.925	-0.37	1.96	-10.52	0.03	-0.19	-0.02
8.952	-4.26	-1.46	-8.50	0.05	0.12	-0.07
8.979	-1.49	1.61	-9.45	0.03	0.02	-0.20
9.007	-1.92	1.04	-9.89	-0.09	0.02	-0.22
9.033	-2.89	1.05	-8.22	-0.01	-0.08	-0.46
9.061	-2.94	0.68	-6.05	0.08	-0.10	-0.52
9.088	0.00	1.37	-7.97	-0.03	-0.07	-0.62
9.115	-1.98	-1.49	-7.74	0.00	0.11	-0.92
9.142	-3.04	2.97	-8.12	0.16	0.14	-1.00
9.169	0.42	0.40	-9.50	0.04	0.02	-0.97
9.199	2.23	1.66	-8.88	0.14	0.04	-0.89
9.226	-1.11	0.34	-9.00	-0.01	-0.01	-1.02
9.253	1.21	0.13	-10.21	0.06	0.08	-1.05
9.280	1.57	3.26	-9.03	0.11	0.16	-0.82
9.308	0.83	0.83	-8.99	-0.17	0.20	-1.09
9.334	3.82	1.28	-4.47	0.01	0.25	-0.90
9.362	10.74	-0.72	-8.64	0.14	0.29	-0.56
9.389	4.98	0.03	-10.31	0.05	0.17	-0.46
9.416	7.17	1.58	-9.32	0.10	0.04	-0.24
9.443	5.17	0.94	-9.24	0.03	0.06	-0.30
9.469	5.83	1.76	-9.24	-0.06	-0.05	-0.01
9.497	5.67	1.55	-9.07	0.00	-0.06	-0.13
9.524	4.37	1.95	-9.88	0.04	-0.11	0.21
9.554	0.71	-0.38	-9.87	0.13	0.00	-0.01
9.581	0.40	1.29	-9.69	0.01	-0.03	0.07
9.608	-0.85	0.29	-10.44	0.10	0.00	-0.08
9.635	-0.29	0.02	-10.25	-0.00	-0.01	-0.15
9.662	0.97	0.98	-9.59	0.08	-0.13	0.00
9.690	1.55	0.17	-9.45	-0.05	-0.08	-0.03
9.716	1.34	0.85	-9.79	-0.07	-0.06	0.07
9.744	20.00	5.78	-1.66	0.14	0.34	-0.02
9.771	5.52	-0.24	-8.41	0.06	0.09	0.26
9.797	7.14	2.01	-8.18	-0.13	0.09	-0.27
9.825	2.66	1.26	-8.17	0.05	0.08	-0.10
9.851	4.99	0.54	-9.09	-0.03	-0.03	-0.13
9.879	6.18	-2.21	-7.81	0.07	-0.04	-0.29
9.909	2.98	2.28	-7.96	0.13	-0.12	-0.37
9.936	2.45	0.14	-9.69	0.14	-0.09	-0.48
9.963	3.86	-1.10	-10.13	0.03	0.01	-0.50
9.991	-0.04	0.76	-9.56	0.20	-0.04	-0.57
10.017	1.32	0.35	-9.68	0.09	-0.18	-0.65
10.045	2.69	-0.41	-10.00	0.05	-0.03	-0.84
10.086	1.05	-0.27	-10.06	-0.01	0.01	-0.71
10.114	0.68	3.43	-9.26	0.15	0.02	-0.66
10.141	-0.73	-2.04	-8.84	0.26	-0.07	-0.79
10.168	2.74	-0.75	-10.07	0.01	0.03	-0.68
10.195	-0.58	-0.34	-8.40	0.16	-0.04	-0.76
10.222	1.13	0.91	-9.52	0.22	-0.13	-0.88
10.250	0.05	-0.29	-9.40	0.09	0.08	-0.71
10.279	1.13	0.30	-7.86	0.16	0.16	-0.70
10.307	1.16	0.27	-9.14	0.11	0.05	-0.83
10.334	0.72	-2.64	-9.38	0.22	-0.12	-0.81
10.361	1.42	-1.39	-9.10	0.12	-0.00	-0.71
10.389	0.09	0.50	-8.37	0.11	0.08	-0.78
10.416	1.93	0.78	-10.74	0.24	0.04	-0.89
10.443	-0.27	-1.06	-9.06	0.04	-0.05	-0.68
10.470	1.15	-1.69	-10.58	0.14	-0.07	-0.56
10.498	0.07	0.71	-9.70	0.02	0.09	-0.43
10.524	-1.88	0.84	-9.20	-0.05	-0.13	-0.37
10.552	-3.23	2.49	-11.03	-0.05	0.08	-0.20
10.579	-4.57	-1.11	-7.81	0.25	-0.12	-0.20
10.609	-3.17	0.70	-10.16	-0.06	-0.23	-0.11
10.637	-3.15	-0.07	-9.89	-0.03	0.02	-0.08
10.664	-2.94	0.66	-10.20	-0.01	0.08	-0.05
10.691	-2.88	0.30	-10.03	-0.05	-0.03	0.07
10.719	-2.37	0.47	-9.63	-0.04	0.13	0.15
10.745	1.96	0.65	-10.21	-0.08	0.08	0.04
10.773	1.88	0.75	-9.89	-0.03	0.16	-0.17
10.801	-4.31	1.67	-8.39	0.06	-0.23	-0.06
10.827	-4.43	-0.18	-11.92	-0.12	0.10	-0.26
10.855	-5.24	2.37	-9.90	-0.01	0.00	-0.45
10.882	0.18	0.02	-11.12	-0.02	-0.15	-0.58
10.909	-2.64	-0.11	-10.39	0.04	-0.05	-0.69
10.937	-5.05	1.90	-11.10	0.05	0.05	-0.86
10.961	-2.88	0.91	-7.97	0.08	0.06	-0.69
10.989	0.29	2.24	-10.99	0.16	0.01	-0.85
11.016	2.18	1.03	-8.69	0.12	0.13	-0.96
11.043	1.08	-1.87	-9.39	-0.06	0.03	-1.04
11.070	1.63	1.09	-9.68	0.16	0.03	-1.10
11.098	3.60	4.68	-5.47	0.08	0.10	-1.04
11.124	2.82	0.73	-9.07	0.09	0.28	-0.87
11.152	4.68	2.56	-8.07	-0.06	0.03	-0.91
11.185	0.96	1.73	-9.17	0.07	0.15	-0.68
11.212	3.17	1.52	-9.98	0.05	0.08	-0.69
11.239	1.19	0.52	-9.44	0.14	-0.05	-0.71
11.267	2.97	0.85	-9.01	0.03	0.12	-0.79
11.296	1.24	1.58	-9.25	0.10	0.01	-0.71
11.323	1.29	1.18	-10.11	0.13	-0.29	-0.61
11.351	0.12	-3.08	-5.45	0.21	-0.11	-0.72
11.378	-5.73	1.24	-10.70	0.28	0.12	-1.11
11.405	-0.35	0.07	-9.96	0.02	0.08	-0.86
11.432	1.19	1.87	-8.89	-0.04	0.22	-1.05
11.459	0.10	1.02	-8.96	-0.01	0.13	-0.94
11.487	1.92	2.42	-9.95	0.11	0.06	-1.04
11.514	-0.52	1.72	-9.65	0.12	0.10	-1.07
11.541	1.46	2.26	-8.55	0.09	0.03	-1.13
11.569	0.88	0.81	-9.66	0.25	0.18	-1.17
11.595	0.10	2.31	-9.20	0.16	0.12	-1.08
11.623	1.85	2.55	-10.92	0.08	0.02	-0.99
11.653	3.08	3.02	-9.96	-0.09	0.08	-0.93
11.680	4.00	2.68	-9.09	0.04	0.01	-0.91
11.707	3.28	2.68	-8.78	0.15	0.14	-0.89
11.735	1.58	1.98	-8.42	-0.04	0.10	-0.77
11.761	4.65	1.45	-11.33	0.10	0.17	-0.62
11.789	5.11	0.45	-9.77	0.17	0.13	-0.62
11.815	6.31	1.66	-8.71	0.13	0.04	-0.44
11.843	5.34	1.14	-9.47	-0.02	0.03	-0.10
11.870	5.68	0.49	-9.17	0.06	0.02	-0.08
11.897	5.11	1.39	-9.23	-0.00	0.02	-0.01
11.924	2.27	1.53	-9.65	0.04	0.03	0.09
11.952	0.77	-0.64	-9.93	0.04	-0.03	0.07
11.978	6.44	2.62	-12.46	0.07	0.32	-0.09
12.009	4.19	-3.13	-8.69	-0.01	-0.04	0.01
12.036	6.44	0.27	-8.26	0.16	0.11	-0.13
12.063	2.59	-0.47	-10.56	-0.04	0.07	-0.22
12.091	2.68	1.26	-10.74	0.12	-0.10	-0.42
12.118	0.58	0.79	-9.36	0.01	0.13	-0.32
12.145	1.86	0.01	-10.79	0.14	0.01	-0.50
12.172	-0.32	1.08	-10.24	0.09	-0.08	-0.43
12.199	1.23	-0.10	-10.06	0.10	-0.07	-0.49
12.227	1.64	1.82	-9.58	0.06	0.07	-0.43
12.254	1.19	-0.11	-9.81	0.13	0.08	-0.57
12.281	0.46	0.27	-9.47	0.12	-0.00	-0.43
12.308	0.55	0.77	-9.66	0.02	0.04	-0.60
12.336	0.67	-0.45	-10.11	0.14	0.08	-0.51
12.365	1.25	0.24	-9.85	0.05	-0.10	-0.54
12.393	1.07	0.42	-9.72	0.09	-0.05	-0.38
12.420	0.96	-0.19	-9.73	0.11	-0.13	-0.58
12.447	3.38	-1.58	-7.94	0.12	0.26	-0.36
12.474	1.59	-0.22	-13.23	0.07	0.04	-0.39
12.502	3.56	0.76	-9.34	0.16	0.00	-0.66
12.529	1.95	-0.23	-8.43	0.21	-0.04	-0.63
12.556	2.58	1.34	-10.05	0.10	0.12	-0.66
12.583	1.01	0.46	-9.03	0.02	-0.08	-0.61
12.610	3.44	1.18	-9.69	0.07	0.16	-0.54
12.638	0.11	-0.87	-8.22	0.03	0.09	-0.58
12.680	0.43	0.54	-8.62	0.02	0.16	-0.92
12.707	3.83	-0.57	-10.11	0.19	-0.14	-0.83
12.737	1.19	-0.88	-10.55	0.19	0.16	-0.87
12.765	0.53	-0.38	-9.06	0.15	-0.01	-0.83
12.791	0.03	-0.49	-10.54	0.17	0.07	-0.79
12.819	0.89	0.22	-8.63	0.02	0.00	-0.82
12.847	0.99	0.32	-9.24	0.14	-0.01	-0.71
12.873	1.75	-0.71	-7.66	-0.01	0.04	-0.73
12.901	-2.96	1.26	-10.55	0.07	-0.21	-0.71
12.928	-7.15	-0.30	-11.82	-0.03	-0.10	-0.33
12.955	-2.48	0.79	-9.53	-0.10	-0.03	0.12
12.983	-2.31	2.16	-10.26	-0.07	-0.03	0.04
13.009	-2.14	0.57	-9.68	0.01	0.06	-0.01
13.037	0.56	0.01	-10.22	0.01	-0.02	-0.03
13.067	-3.84	2.12	-8.81	0.02	-0.01	-0.09
13.094	-1.59	0.96	-11.19	0.07	-0.11	-0.07
13.122	-3.03	-0.88	-8.99	0.18	-0.01	-0.23
13.149	-2.05	0.41	-9.57	0.07	0.11	-0.36
13.176	-2.47	2.57	-8.97	-0.06	-0.04	-0.30
13.203	-1.87	1.85	-9.78	0.16	0.08	-0.69
13.231	-0.52	-0.92	-10.81	0.14	0.04	-0.87
13.258	-1.83	0.42	-7.79	0.07	-0.12	-1.30
13.285	-3.01	5.24	-9.60	0.14	0.08	-1.28
13.313	1.81	-0.73	-9.94	0.08	0.11	-1.21
13.339	-1.35	-0.11	-11.20	-0.09	0.15	-1.11
13.367	0.98	2.12	-9.66	0.10	0.15	-1.28
13.394	7.65	11.21	-3.31	0.15	0.18	-1.21
13.424	1.42	-1.24	-11.71	0.05	0.08	-0.78
13.452	4.77	2.79	-8.97	-0.01	0.10	-0.70
13.478	5.91	2.20	-9.37	0.07	0.12	-0.36
13.506	5.14	1.42	-9.07	0.03	0.07	-0.42
13.533	4.96	1.05	-8.99	0.08	0.02	-0.24
13.560	4.76	1.36	-9.60	0.02	0.01	-0.26
13.587	4.96	1.16	-9.09	0.00	0.08	-0.19
13.615	4.58	1.98	-9.46	0.05	0.19	-0.06
13.641	4.90	1.72	-9.27	0.00	0.03	-0.04
13.669	3.99	2.10	-9.29	0.01	0.00	0.01
13.696	3.50	0.19	-10.21	0.12	0.07	-0.04
13.723	-1.03	0.39	-9.70	-0.08	-0.09	-0.03
13.751	0.06	1.17	-9.99	-0.03	0.02	0.01
13.780	0.45	-0.20	-9.70	-0.03	-0.01	-0.07
13.807	0.67	1.06	-9.80	0.07	0.10	0.14
13.835	1.31	0.53	-9.84	0.09	-0.07	-0.05
13.861	2.39	0.90	-10.11	-0.01	0.05	-0.01
13.889	2.14	1.43	-9.40	-0.06	0.12	0.03
13.916	1.44	0.96	-9.31	0.00	0.05	-0.10
13.943	0.95	1.40	-9.93	0.01	0.02	0.06
13.970	0.14	0.09	-9.98	0.09	0.03	-0.03
13.998	0.96	0.58	-10.04	0.05	-0.04	0.12
14.024	1.88	1.25	-9.83	0.04	0.01	-0.04
14.052	3.84	0.20	-9.46	0.07	0.04	-0.12
14.078	2.58	1.85	-9.11	0.00	-0.17	-0.26
14.106	1.24	2.37	-10.57	0.09	-0.05	-0.26
14.136	1.10	0.26	-9.85	-0.09	0.02	-0.09
14.163	0.94	0.99	-9.39	0.02	-0.06	-0.17
14.190	0.60	0.04	-9.45	0.05	0.03	-0.10
14.218	0.36	0.64	-9.55	-0.03	-0.03	-0.07
14.244	0.57	0.46	-9.81	-0.03	0.03	-0.06
14.272	1.28	0.81	-9.64	-0.02	0.04	-0.03
14.299	0.89	1.19	-9.58	0.12	0.03	-0.26
14.326	0.66	0.85	-10.13	0.01	0.02	-0.07
14.354	4.98	2.85	-9.45	-0.01	0.11	-0.13
14.381	1.67	0.39	-9.61	-0.03	0.10	-0.17
14.408	5.14	-0.42	-10.72	0.00	0.04	-0.21
14.435	-2.95	-0.47	-9.66	-0.12	-0.11	-0.35
14.466	1.27	0.52	-9.73	-0.04	0.00	-0.22
14.492	0.85	0.14	-10.23	0.11	-0.04	-0.13
14.520	-5.77	-0.12	-9.50	0.06	-0.20	-0.14
14.547	-1.84	0.56	-9.58	-0.10	-0.06	-0.01
14.574	1.16	0.52	-10.93	-0.03	-0.01	-0.15
14.602	0.18	0.92	-8.78	0.07	-0.04	-0.10
14.629	0.29	0.18	-9.98	-0.03	-0.00	-0.17
14.656	-0.42	-0.29	-8.51	-0.10	0.02	-0.13
14.684	3.69	2.29	-9.72	0.06	0.25	-0.09
14.710	9.77	3.84	-6.26	0.08	0.17	-0.28
14.738	6.97	1.93	-9.09	0.19	-0.02	-0.40
14.766	0.27	-1.21	-11.46	0.06	0.04	-0.21
14.792	-0.15	0.52	-10.33	-0.01	0.02	-0.26
14.828	1.19	1.07	-9.61	0.15	0.06	-0.28
14.856	0.50	0.60	-9.80	0.09	-0.02	-0.26
14.882	0.53	-0.31	-9.40	-0.06	0.00	-0.16
14.910	-0.12	0.40	-10.03	0.04	0.14	-0.07
14.937	-1.42	0.53	-11.66	-0.09	-0.22	-0.15
14.964	-1.48	1.55	-7.46	-0.03	-0.13	-0.19
14.992	0.24	0.52	-10.12	0.01	0.05	-0.11
15.019	1.55	0.10	-9.32	0.08	0.01	-0.09
15.046	0.97	0.35	-8.78	-0.01	0.03	-0.04
15.073	5.21	1.40	-8.01	-0.00	0.14	-0.16
15.100	7.10	0.38	-7.30	0.18	0.10	-0.07
15.127	2.73	0.13	-9.66	0.09	0.02	-0.22
15.155	1.39	1.19	-12.77	0.09	-0.14	-0.23
15.184	1.31	0.97	-9.48	-0.17	-0.09	-0.25
15.212	-0.32	0.32	-9.29	0.07	0.14	-0.30
15.239	1.77	-0.39	-9.57	0.09	0.01	-0.26
15.266	0.61	1.22	-9.47	-0.07	0.02	-0.23
15.294	0.71	0.24	-10.08	0.00	0.03	-0.24
15.321	1.11	0.81	-9.89	0.02	0.12	-0.12
15.348	2.19	0.32	-9.78	0.08	0.03	-0.17
15.375	0.62	-0.26	-10.49	-0.03	0.00	-0.20
15.403	1.16	0.37	-10.03	-0.04	-0.03	-0.16
15.429	1.11	1.34	-10.23	-0.05	-0.04	-0.14
15.457	-0.04	0.54	-10.54	0.08	-0.12	-0.25
15.484	2.38	0.09	-9.22	-0.05	0.04	-0.09
15.514	2.09	0.42	-8.99	0.10	0.09	-0.26
15.542	-0.14	1.11	-10.08	0.08	-0.14	-0.20
15.568	1.62	0.94	-10.42	-0.02	-0.01	-0.22
15.596	0.88	0.99	-10.13	0.01	0.06	-0.12
15.624	0.50	0.93	-9.64	0.05	0.04	-0.27
15.650	1.21	0.74	-9.05	0.14	-0.04	-0.28
15.678	3.17	1.00	-9.76	0.16	0.03	-0.11
15.705	1.15	0.29	-11.30	-0.03	-0.10	-0.21
15.732	2.05	-0.59	-8.81	0.10	-0.05	-0.17
15.759	1.19	-0.10	-10.52	0.04	0.00	-0.32
15.787	2.71	1.16	-9.40	-0.01	0.01	-0.32
15.814	0.56	0.53	-9.96	0.09	-0.09	-0.18
15.841	1.10	0.51	-9.40	0.05	-0.02	-0.18
15.870	2.05	0.21	-10.60	0.02	-0.06	-0.22
15.898	0.98	-0.01	-10.16	0.02	0.07	-0.12
15.926	1.54	-0.49	-8.45	-0.09	-0.03	-0.11
15.952	-0.24	-0.16	-11.00	0.06	-0.01	-0.16
15.980	1.10	0.96	-9.46	0.07	-0.13	-0.22
16.007	1.09	0.24	-10.69	-0.01	-0.09	-0.26
16.034	1.27	0.68	-9.41	0.11	-0.02	-0.22
16.062	-1.21	0.70	-9.93	0.05	0.02	-0.16
16.089	0.38	1.64	-10.39	0.04	0.04	-0.08
16.116	2.03	0.42	-9.49	0.04	0.12	-0.21
16.143	-0.81	0.59	-10.38	-0.05	0.01	-0.25
16.171	0.26	0.99	-8.85	-0.03	-0.10	-0.15
16.200	0.51	0.27	-10.82	0.08	0.03	-0.14
16.228	0.37	0.62	-9.73	0.10	-0.00	-0.25
16.254	0.85	0.11	-8.78	-0.01	-0.06	-0.31
16.282	1.83	0.60	-9.70	0.07	0.12	-0.25
16.309	0.98	0.77	-8.87	-0.05	0.00	-0.19
16.336	0.27	-0.59	-8.83	-0.04	-0.07	-0.15
16.364	1.30	0.77	-12.50	-0.07	0.06	-0.13
16.391	-2.30	1.16	-11.69	0.07	0.04	-0.13
16.418	0.50	0.19	-9.73	-0.01	0.07	-0.32
16.445	-0.14	0.29	-8.80	0.06	-0.05	-0.19
16.473	1.90	-0.05	-9.34	0.03	0.01	-0.28
16.499	1.00	-0.14	-9.56	-0.03	-0.01	-0.21
16.527	0.88	0.78	-9.18	0.06	0.04	-0.25
16.557	1.64	0.43	-9.60	-0.02	-0.09	-0.03
16.584	0.98	0.22	-9.86	-0.06	0.00	-0.08
16.612	1.05	1.13	-10.08	-0.05	-0.01	-0.17
16.638	2.55	1.31	-13.81	0.12	-0.04	-0.10
16.666	-8.69	-1.39	-11.21	-0.04	-0.27	0.07
16.694	-2.69	0.93	-9.65	-0.05	-0.13	-0.05
16.720	-0.18	1.90	-9.15	0.01	0.10	0.11
16.748	2.41	1.08	-10.50	-0.09	0.17	0.14
16.775	1.01	0.15	-9.54	-0.07	0.07	0.12
16.802	1.14	0.48	-9.88	-0.03	0.01	0.12
16.829	1.70	0.15	-9.63	-0.06	-0.03	0.07
16.857	1.56	0.85	-9.59	-0.12	0.14	0.01
16.883	1.36	0.54	-9.69	0.15	0.06	-0.00
16.914	1.66	0.69	-9.68	-0.01	-0.07	0.10
16.941	1.61	0.65	-9.63	-0.07	-0.07	0.03
16.968	1.39	0.61	-9.80	0.01	-0.04	0.01
17.010	1.16	0.69	-9.69	0.01	-0.06	-0.02
17.037	1.05	0.60	-9.68	-0.04	0.05	-0.11
17.064	1.09	0.61	-9.80	0.04	-0.05	0.02
17.091	1.03	0.72	-9.75	0.00	0.02	-0.03
17.119	0.97	0.65	-9.75	-0.06	0.04	-0.02
17.145	0.91	0.59	-9.74	0.05	-0.03	0.04
17.173	1.00	0.62	-9.70	-0.00	0.03	-0.00
17.200	1.00	0.71	-9.74	-0.04	-0.10	0.09
17.227	1.04	0.78	-9.69	-0.04	0.04	-0.05
17.254	1.14	0.64	-9.73	0.02	0.06	-0.03
17.284	0.98	0.98	-9.70	0.01	-0.00	-0.08
17.311	1.24	0.51	-9.69	0.09	0.02	0.02
17.338	1.17	0.55	-9.66	-0.04	-0.14	-0.11
17.366	1.13	0.98	-9.61	0.06	0.09	-0.12
17.393	1.27	0.62	-9.73	-0.07	-0.07	0.11
17.420	0.99	0.38	-9.73	-0.11	0.07	-0.01
17.447	1.21	0.35	-9.68	0.04	0.08	-0.05
17.474	1.13	0.70	-9.74	0.07	-0.05	-0.06
17.502	1.06	0.64	-9.85	-0.05	-0.01	-0.12
17.528	1.04	0.75	-9.75	-0.04	0.05	0.05
17.556	1.03	0.58	-9.81	-0.01	-0.03	-0.07
17.583	0.93	0.74	-9.62	0.03	-0.06	-0.04
17.612	1.15	0.53	-9.70	0.03	0.03	0.09
17.640	0.93	0.62	-9.69	0.01	0.05	0.04
17.667	1.21	0.66	-9.80	-0.05	0.00	-0.05
17.694	1.09	0.73	-9.71	0.09	-0.01	0.06
17.721	1.20	0.78	-9.62	0.09	-0.01	-0.11
17.748	0.89	0.45	-9.91	0.09	0.10	-0.03
17.775	1.13	0.59	-9.68	-0.09	0.01	-0.01
17.803	1.38	0.84	-9.83	0.02	-0.06	0.10
17.829	1.06	0.45	-9.78	0.00	0.01	-0.01
17.857	1.16	0.55	-9.73	-0.03	-0.00	-0.05
17.884	1.13	0.70	-9.76	-0.03	-0.08	-0.05
17.911	1.12	0.67	-9.73	-0.00	0.05	-0.05
17.938	1.24	0.38	-9.47	0.15	-0.04	0.06
17.969	1.18	0.75	-9.73	-0.05	-0.00	0.11
17.995	1.09	0.52	-9.75	0.02	0.02	0.06
18.023	1.18	0.40	-9.67	-0.02	0.08	0.02
18.050	1.04	0.63	-9.78	0.02	0.03	0.01
18.077	1.06	0.57	-9.73	-0.02	0.07	-0.04
18.104	1.06	0.92	-9.73	0.10	-0.06	-0.03
18.131	1.13	0.62	-9.80	-0.01	-0.07	0.03
18.158	1.09	0.44	-9.70	-0.01	0.07	-0.06
18.186	1.08	0.83	-9.71	0.07	0.06	0.03
18.212	1.21	0.61	-9.68	-0.06	0.02	0.00
18.239	1.21	-0.04	-9.70	-0.03	0.02	0.12
18.267	1.01	0.71	-9.92	-0.05	-0.00	0.05
18.293	1.08	1.06	-9.71	0.00	0.10	0.03
18.324	1.06	0.80	-9.73	-0.01	-0.01	-0.06
18.351	1.13	0.76	-9.76	-0.08	0.10	0.04
18.378	1.09	0.65	-9.82	0.05	-0.02	0.07
18.405	1.10	0.75	-9.74	-0.10	-0.11	0.04
18.433	1.03	0.62	-9.82	-0.05	0.03	0.09
18.459	1.09	0.63	-9.78	-0.06	-0.00	-0.16
18.487	1.07	0.65	-9.73	0.03	-0.07	0.11
18.513	1.13	0.60	-9.65	0.03	-0.06	0.02
18.541	1.09	0.63	-9.73	0.03	-0.16	-0.01
18.568	1.14	0.66	-9.80	0.09	-0.04	0.02
18.595	1.16	0.66	-9.70	-0.05	0.00	0.04
18.622	1.10	0.69	-9.79	-0.08	-0.05	-0.01
18.650	1.11	0.60	-9.80	0.03	0.08	0.04
18.679	1.11	0.65	-9.73	-0.05	-0.07	-0.18
18.707	1.16	0.57	-9.73	-0.09	-0.03	0.05
18.734	1.09	0.65	-9.70	0.02	0.06	-0.05
18.761	1.12	0.57	-9.73	0.04	0.02	0.03
18.788	1.14	0.62	-9.81	0.01	-0.08	-0.03
18.816	1.07	0.70	-9.63	-0.03	0.14	0.08
18.842	1.10	0.65	-9.67	0.00	0.01	-0.07
18.870	1.14	0.65	-9.77	0.02	0.01	-0.01
18.896	1.18	0.57	-9.85	-0.06	0.06	-0.01
18.924	1.13	0.67	-9.74	0.08	-0.09	-0.13
18.951	1.09	0.60	-9.68	-0.01	0.03	-0.00
18.978	1.09	0.63	-9.77	-0.06	-0.03	-0.03
19.005	1.03	0.70	-9.78	-0.02	0.01	0.03
19.036	1.11	0.62	-9.74	0.01	0.02	0.01
19.062	1.03	0.65	-9.75	-0.05	0.04	0.12
19.089	1.11	0.65	-9.70	-0.03	-0.13	0.07
19.117	1.11	0.64	-9.82	0.12	-0.04	0.00
19.149	1.11	0.69	-9.76	0.05	-0.07	-0.03
19.177	1.11	0.62	-9.73	-0.06	0.05	0.08
19.204	1.10	0.62	-9.76	0.14	-0.06	-0.01
19.231	1.03	0.75	-9.73	-0.01	0.09	0.21
19.258	1.05	0.65	-9.70	0.04	-0.07	0.04
19.286	1.10	0.57	-9.76	0.09	0.05	0.06
19.312	0.99	0.57	-9.72	0.00	-0.08	0.01
19.339	1.08	0.69	-9.67	-0.08	-0.06	0.10
19.366	1.09	0.70	-9.73	-0.01	-0.08	-0.14
19.396	1.10	0.59	-9.77	-0.04	0.11	0.01
19.424	1.11	0.61	-9.75	0.04	0.08	-0.07
19.450	1.13	0.61	-9.75	-0.07	-0.09	0.01
19.478	1.11	0.69	-9.68	0.03	-0.06	-0.07
19.505	1.08	0.65	-9.73	0.03	-0.05	0.03
19.532	1.03	0.60	-9.83	-0.01	-0.07	-0.01
19.559	1.12	0.72	-9.77	0.12	-0.06	-0.08
19.587	1.13	0.66	-9.88	-0.04	0.07	-0.09
19.613	1.03	0.73	-9.73	-0.02	0.04	-0.03
19.641	1.07	0.65	-9.71	0.02	0.02	0.05
19.667	1.11	0.65	-9.72	0.04	-0.05	0.09
19.695	1.16	0.53	-9.74	-0.04	-0.02	0.00
19.722	1.11	0.63	-9.72	-0.01	0.03	0.10
19.751	1.06	0.58	-9.85	0.04	0.05	-0.11
19.779	0.97	0.61	-9.78	-0.05	0.07	-0.07
19.806	1.08	0.68	-9.78	0.11	0.06	0.06
19.833	1.04	0.60	-9.73	0.04	-0.01	0.03
19.860	1.13	0.68	-9.75	-0.01	-0.04	-0.01
19.888	1.10	0.61	-9.75	0.05	-0.06	0.04
19.914	1.06	0.65	-9.80	0.03	-0.04	-0.10
19.942	0.98	0.65	-9.71	-0.07	-0.03	-0.06
19.969	1.08	0.60	-9.78	-0.02	0.04	-0.01
19.996	1.11	0.62	-9.71	-0.09	0.05	0.00
20.023	1.09	0.60	-9.73	-0.03	0.01	-0.01
20.050	1.03	0.68	-9.71	-0.04	-0.04	0.05
20.077	1.01	0.75	-9.68	-0.06	0.02	-0.03
20.108	1.06	0.56	-9.74	-0.03	-0.02	-0.02
20.134	1.08	0.66	-9.78	0.07	-0.06	-0.00
20.162	1.08	0.65	-9.73	0.06	0.01	0.06
20.189	1.09	0.70	-9.71	0.06	-0.03	-0.01
20.216	1.02	0.69	-9.82	0.02	0.05	-0.02
20.243	1.08	0.57	-9.72	-0.04	0.09	-0.03
20.271	1.13	0.66	-9.75	0.03	0.00	0.03
20.297	1.09	0.65	-9.70	0.02	-0.03	0.07
20.325	1.09	0.63	-9.69	-0.07	-0.04	0.10
20.352	1.06	0.69	-9.75	0.09	0.02	-0.03
20.379	1.11	0.66	-9.71	-0.02	0.00	-0.04
20.406	1.11	0.60	-9.73	0.01	0.09	-0.13
20.433	1.09	0.68	-9.80	-0.05	0.07	0.08
20.463	1.07	0.61	-9.70	-0.05	0.14	0.01
20.490	1.08	0.73	-9.77	-0.06	0.00	0.00
20.517	1.09	0.71	-9.70	0.02	-0.04	0.05
20.544	1.14	0.67	-9.77	0.00	-0.11	-0.02
20.572	1.13	0.68	-9.74	-0.01	0.01	0.06
20.598	1.03	0.66	-9.67	0.12	-0.09	-0.01
20.626	1.07	0.64	-9.80	0.01	-0.03	-0.03
20.653	1.13	0.67	-9.68	-0.00	-0.08	-0.01
20.680	1.05	0.67	-9.69	-0.06	0.04	0.07
20.707	1.20	0.62	-9.72	-0.06	-0.01	-0.03
20.734	1.03	0.65	-9.72	-0.12	0.01	0.14
20.761	1.09	0.55	-9.72	0.03	-0.03	0.17
20.789	1.08	0.60	-9.80	-0.05	0.06	-0.08
20.818	1.09	0.60	-9.75	0.00	-0.00	0.03
20.846	1.16	0.64	-9.77	0.01	0.07	0.02
20.873	1.11	0.61	-9.68	0.04	-0.12	0.08
20.900	1.05	0.62	-9.70	0.05	-0.02	-0.02
20.927	1.06	0.68	-9.80	-0.03	0.12	-0.01
20.955	1.14	0.62	-9.78	0.01	0.08	-0.16
20.981	1.06	0.61	-9.79	-0.01	-0.06	-0.15
21.009	1.02	0.67	-9.79	-0.06	0.17	0.03
21.036	1.08	0.66	-9.72	0.07	0.12	0.02
21.063	1.08	0.69	-9.73	0.03	-0.02	-0.05
21.090	1.08	0.68	-9.73	0.08	0.03	0.00
21.116	1.17	0.65	-9.78	0.04	0.04	0.04
21.144	1.07	0.70	-9.74	-0.18	0.05	0.21
21.174	1.06	0.52	-9.78	0.04	0.03	-0.01
21.201	1.08	0.71	-9.77	0.00	-0.07	0.07
21.228	1.14	0.69	-9.74	-0.00	-0.17	-0.01
21.256	1.15	0.60	-9.77	0.00	-0.00	-0.11
21.282	1.25	-0.27	-9.68	-0.02	0.12	0.09
21.310	0.83	1.74	-9.87	0.10	-0.04	-0.01
21.352	0.92	-0.01	-9.68	0.14	0.00	-0.05
21.379	0.99	0.93	-9.68	0.14	-0.05	-0.03
21.406	1.11	0.42	-9.70	0.02	0.07	0.00
21.433	1.11	0.62	-9.84	-0.07	0.11	-0.10
21.460	1.15	0.84	-9.74	0.01	0.00	-0.03
21.487	1.13	0.53	-9.80	0.08	-0.04	-0.07
21.515	1.08	0.72	-9.74	0.06	-0.04	-0.03
21.544	1.03	0.55	-9.70	-0.10	0.12	-0.05
21.572	1.11	0.73	-9.71	-0.07	-0.00	-0.16
21.599	1.08	0.65	-9.78	-0.03	0.03	-0.00
21.626	1.05	0.60	-9.81	0.00	0.04	-0.06
21.653	1.08	0.66	-9.70	-0.11	0.05	0.00
21.681	1.11	0.78	-9.70	-0.02	0.05	-0.11
21.707	0.96	0.60	-9.71	-0.04	-0.06	0.08
21.735	0.99	0.51	-9.72	0.03	-0.06	-0.13
21.762	1.05	0.66	-9.68	-0.07	-0.01	0.06
21.789	1.09	0.53	-9.78	0.04	-0.01	0.07
21.816	1.10	0.62	-9.81	0.03	-0.04	-0.03
21.843	1.11	0.61	-9.75	-0.04	-0.02	0.10
21.871	1.04	0.63	-9.74	0.03	-0.16	0.06
21.901	1.16	0.65	-9.71	-0.05	0.09	-0.04
21.927	1.09	0.65	-9.74	0.09	-0.03	-0.09
21.955	1.13	0.64	-9.83	0.03	0.09	-0.01
21.982	1.13	0.61	-9.78	0.09	-0.10	0.16
22.009	1.06	0.70	-9.74	0.04	0.03	-0.05
22.036	1.06	0.61	-9.83	-0.01	0.06	-0.03
22.064	1.18	0.65	-9.80	0.12	-0.01	0.04
22.090	1.09	0.70	-9.78	0.14	-0.05	-0.07
22.118	1.10	0.67	-9.70	-0.08	0.00	-0.10
22.145	1.09	0.66	-9.78	0.13	-0.03	0.10
22.172	1.08	0.54	-9.79	0.10	0.04	0.02
22.199	0.96	0.30	-9.81	0.07	0.07	-0.00
22.226	0.93	0.37	-9.73	-0.15	0.05	-0.09
22.256	1.13	0.87	-9.71	-0.06	0.06	0.04
22.284	1.02	0.52	-9.75	0.08	-0.01	0.05
22.310	1.06	0.85	-9.71	0.05	0.01	-0.16
22.338	1.32	0.85	-9.60	-0.02	0.12	0.04
22.365	1.04	0.64	-9.79	-0.03	0.09	-0.09
22.392	1.08	0.71	-9.73	-0.07	0.01	0.19
22.419	1.08	0.60	-9.80	0.10	-0.12	-0.03
22.447	1.12	0.68	-9.65	0.08	-0.10	-0.06
22.473	1.19	0.62	-9.83	0.02	-0.04	-0.10
22.501	1.16	0.48	-9.70	0.09	0.00	0.03
22.528	0.98	0.82	-9.85	0.04	0.01	-0.06
22.555	1.19	0.78	-9.63	-0.07	0.02	0.13
22.582	1.03	0.51	-9.63	0.01	0.13	-0.06
22.612	1.11	0.62	-9.80	-0.05	0.14	0.04
22.639	1.19	0.37	-9.73	0.01	0.01	0.02
22.667	1.06	0.55	-9.80	0.03	0.12	0.12
22.693	1.15	0.60	-9.74	-0.01	0.04	0.04
22.721	1.11	0.78	-9.70	0.10	-0.10	0.02
22.748	1.08	0.68	-9.61	0.04	-0.06	0.11
22.775	1.11	0.63	-9.71	0.01	0.00	-0.09
22.802	1.12	0.79	-9.78	-0.05	0.10	-0.06
22.830	1.15	0.62	-9.77	-0.01	-0.04	0.05
22.856	1.06	0.69	-9.71	-0.01	0.06	-0.02
22.884	1.16	0.57	-9.76	-0.10	-0.01	-0.01
22.910	1.06	0.73	-9.67	-0.00	-0.07	-0.18
22.938	1.04	0.67	-9.77	-0.06	0.02	-0.12
22.968	1.07	0.67	-9.68	-0.10	-0.03	0.21
22.995	1.11	0.58	-9.79	-0.00	-0.03	0.05
23.022	1.01	0.57	-9.78	0.07	-0.02	0.09
23.050	1.06	0.65	-9.75	0.04	0.03	0.10
23.076	1.13	0.65	-9.73	-0.03	0.01	-0.02
23.104	1.13	0.72	-9.77	0.09	-0.01	0.04
23.132	1.08	0.65	-9.61	-0.02	-0.07	0.12
23.158	1.07	0.57	-9.73	0.03	-0.14	-0.08
23.186	1.07	0.64	-9.78	-0.02	0.02	-0.13
23.213	1.15	0.69	-9.71	-0.03	-0.01	-0.10
23.240	1.13	0.63	-9.78	0.07	0.01	0.15
23.267	1.11	0.68	-9.72	0.06	-0.04	0.01
23.294	1.09	0.68	-9.60	0.02	-0.06	0.02
23.332	1.12	0.67	-9.80	0.04	-0.18	0.07
23.359	1.09	0.61	-9.68	-0.04	0.09	-0.01
23.387	1.08	0.63	-9.70	0.00	-0.05	-0.08
23.413	1.17	0.74	-9.80	0.05	-0.02	0.02
23.441	1.08	0.64	-9.68	0.02	0.03	0.03
23.468	1.08	0.65	-9.77	-0.01	-0.09	0.02
23.495	1.04	0.70	-9.78	0.01	-0.09	0.07
23.522	1.07	0.64	-9.73	0.10	-0.01	-0.09
23.549	1.11	0.65	-9.76	-0.01	-0.01	0.02
23.582	1.08	0.73	-9.75	-0.01	0.02	0.07
23.610	1.11	0.75	-9.71	0.09	-0.09	0.11
23.636	1.19	0.85	-9.60	0.09	-0.03	-0.02
23.664	1.05	0.75	-9.73	0.10	-0.04	-0.06
23.694	1.33	0.74	-9.60	-0.09	0.15	0.09
23.721	1.03	0.57	-9.73	0.08	-0.14	-0.12
23.748	1.05	0.53	-9.67	-0.15	0.03	0.04
23.776	1.13	0.77	-9.72	0.03	-0.03	-0.12
23.802	0.91	0.71	-9.86	-0.01	0.02	0.05
23.830	1.11	0.82	-9.79	-0.03	-0.13	-0.08
23.857	1.11	0.73	-9.83	0.05	0.09	0.06
23.884	1.08	0.53	-9.68	-0.04	-0.06	0.01
23.911	1.16	0.73	-9.81	-0.07	0.08	-0.08
23.939	1.10	0.67	-9.80	-0.05	0.07	0.06
23.965	1.17	0.68	-9.77	0.07	-0.02	-0.02
23.993	1.06	0.58	-9.73	-0.05	0.16	0.17
24.019	1.13	0.62	-9.78	0.09	0.00	-0.05
24.049	1.12	0.69	-9.70	-0.08	0.18	0.01
24.077	1.09	0.61	-9.74	-0.07	-0.04	-0.03
24.103	1.13	0.67	-9.88	-0.03	-0.03	0.11
24.131	1.11	0.68	-9.75	0.06	0.02	-0.09
24.158	1.08	0.67	-9.76	0.01	0.02	0.01
24.185	1.13	0.70	-9.72	0.02	0.07	0.05
24.212	1.15	0.61	-9.79	-0.04	-0.03	0.10
24.240	1.07	0.65	-9.67	0.03	-0.08	-0.04
24.266	1.08	0.57	-9.73	-0.08	0.03	0.03
24.294	1.07	0.60	-9.68	0.06	-0.04	-0.02
24.321	1.07	0.69	-9.74	0.07	0.01	-0.06
24.348	1.13	0.73	-9.73	-0.06	0.08	0.16
24.375	1.12	0.57	-9.68	-0.07	0.07	0.05
24.406	1.10	0.85	-9.85	0.14	-0.10	-0.12
24.432	1.14	0.73	-9.67	0.08	-0.01	0.12
24.460	1.18	0.59	-9.80	0.12	0.11	-0.13
24.486	1.12	0.63	-9.75	-0.01	0.04	0.08
24.514	1.11	0.70	-9.78	-0.03	-0.04	0.13
24.541	1.12	0.69	-9.73	0.09	0.03	0.08
24.568	1.15	0.60	-9.75	0.05	-0.03	-0.09
24.595	1.06	0.51	-9.79	0.03	-0.07	0.00
24.623	1.04	0.68	-9.76	-0.04	-0.00	0.07
24.649	1.06	0.70	-9.75	-0.02	-0.07	0.07
24.676	0.88	0.57	-9.81	-0.02	0.01	0.12
24.704	0.91	0.52	-9.83	-0.07	0.10	0.08
24.730	1.02	0.81	-9.73	0.01	0.00	0.02
24.761	1.36	0.42	-9.63	-0.02	0.07	-0.08
24.787	1.33	0.81	-9.63	0.00	-0.03	0.10
24.815	1.20	0.65	-9.71	-0.05	0.01	0.17
24.842	1.12	0.50	-9.66	0.03	0.00	0.10
24.868	0.92	0.85	-9.70	-0.05	0.05	0.00
24.896	1.06	0.54	-9.72	-0.04	-0.03	0.03
24.923	1.06	0.60	-9.85	0.03	-0.02	0.04
24.950	0.31	-0.09	-9.68	-0.01	-0.10	0.04
24.977	0.52	0.71	-10.11	-0.03	-0.02	0.09
25.005	1.44	0.26	-9.98	-0.02	-0.17	-0.02
25.032	0.85	0.18	-10.08	-0.07	0.12	0.04
25.059	1.26	0.70	-10.01	-0.04	0.05	0.02
25.086	1.39	1.26	-10.25	-0.10	0.09	-0.03
25.116	1.42	0.67	-9.85	0.12	-0.19	-0.22
25.144	1.70	1.19	-8.96	0.01	0.03	-0.20
25.170	0.01	0.91	-8.24	0.18	0.11	0.02
25.198	0.75	0.24	-10.50	0.07	0.02	0.00
25.225	0.88	0.88	-11.00	0.16	-0.10	-0.20
25.252	0.37	1.11	-11.21	0.12	-0.12	-0.26
25.279	0.26	0.52	-10.18	0.18	0.09	-0.27
25.307	0.52	0.54	-8.73	0.13	0.06	-0.50
25.334	1.09	-0.14	-8.96	0.12	0.23	-0.70
25.361	1.65	-0.19	-10.37	-0.07	0.29	-0.50
25.389	1.90	0.50	-11.28	-0.01	0.16	-0.49
25.415	2.39	1.08	-11.72	-0.05	0.16	-0.36
25.443	2.39	0.29	-11.33	0.12	-0.02	-0.37
25.474	1.58	0.19	-10.93	0.09	-0.16	-0.15
25.500	0.81	0.45	-9.83	0.05	-0.25	-0.25
25.528	0.80	0.85	-9.13	0.15	-0.30	-0.13
25.554	0.79	0.51	-8.64	0.22	-0.22	-0.09
25.582	0.28	-0.19	-8.55	0.16	-0.13	-0.23
25.609	0.45	-0.56	-8.81	0.20	-0.08	-0.17
25.636	1.05	-0.22	-8.99	0.12	-0.17	-0.13
25.664	1.34	-0.03	-8.85	-0.06	-0.16	-0.05
25.691	1.43	-0.17	-8.74	-0.21	-0.01	0.19
25.718	1.24	0.42	-8.56	-0.16	-0.29	-0.06
25.745	1.13	1.03	-8.37	-0.16	-0.25	0.08
25.773	0.89	1.62	-8.27	0.00	-0.01	-0.04
25.817	0.57	1.63	-8.44	0.21	-0.07	-0.05
25.844	0.65	1.13	-8.81	0.24	0.06	-0.12
25.871	0.69	0.85	-8.95	0.20	0.14	-0.24
25.899	0.83	0.35	-9.16	0.09	0.27	-0.24
25.926	0.92	0.14	-9.27	0.02	0.27	-0.20
25.953	1.03	-0.14	-9.41	-0.11	0.26	-0.24
25.980	1.16	0.14	-9.47	-0.21	0.26	-0.03
26.007	1.19	0.53	-9.52	-0.30	0.24	0.02
26.035	1.29	1.08	-9.91	-0.07	0.31	0.09
26.061	1.39	1.43	-10.14	-0.03	0.20	0.01
26.089	1.54	1.16	-10.46	0.13	0.16	0.11
26.116	1.67	0.74	-10.90	0.24	-0.07	0.13
26.143	1.80	-0.01	-11.21	0.31	-0.05	0.01
26.173	1.59	-0.33	-10.82	0.02	-0.10	-0.03
26.201	1.47	-0.27	-10.63	-0.10	-0.21	0.02
26.228	1.28	0.26	-10.21	-0.20	-0.16	-0.09
26.255	1.06	0.62	-9.66	-0.25	-0.10	-0.10
26.283	0.83	0.87	-9.41	-0.27	-0.05	-0.22
26.310	0.75	0.93	-9.22	-0.12	0.04	-0.12
26.337	0.93	0.90	-9.09	-0.09	-0.04	-0.05
26.364	0.89	0.57	-9.17	0.05	-0.07	-0.14
26.391	1.01	0.47	-9.47	-0.08	0.13	-0.06
26.419	1.10	2.14	-11.43	-0.01	0.05	0.12
26.445	2.88	0.50	-12.41	0.14	-0.26	-0.02
26.473	0.76	1.29	-8.04	0.11	-0.04	0.25
26.500	2.20	-0.01	-10.43	0.10	0.01	0.04
26.530	0.06	-0.35	-9.20	0.03	-0.11	-0.08
26.557	1.72	0.77	-9.76	0.04	0.02	0.14
26.585	0.22	1.23	-9.40	0.05	0.06	-0.02
26.611	0.14	1.25	-9.45	0.23	0.14	-0.04
26.639	1.42	0.27	-9.43	0.20	0.11	-0.05
26.665	1.18	-0.59	-9.76	0.26	-0.01	0.18
26.693	1.58	-0.26	-10.35	0.09	0.05	0.03
26.720	1.43	0.47	-9.91	-0.06	0.00	-0.08
26.747	1.24	0.17	-9.81	-0.14	-0.04	-0.06
26.775	1.20	0.68	-9.66	-0.12	0.01	0.03
26.802	1.13	0.51	-9.83	-0.07	0.00	-0.03
26.829	1.16	0.74	-9.73	0.03	-0.06	0.04
26.856	1.16	0.42	-9.77	-0.02	-0.09	0.01
26.886	1.11	0.70	-9.68	-0.11	-0.01	0.02
26.913	1.13	0.70	-9.78	-0.08	0.16	-0.03
26.940	1.09	0.63	-9.83	0.05	-0.04	-0.07
26.968	1.10	0.77	-9.74	-0.09	-0.07	0.09
26.994	1.06	0.82	-9.84	-0.06	-0.11	0.03
27.022	1.24	0.62	-9.74	0.04	0.03	-0.06
27.048	1.17	0.68	-9.73	-0.01	0.04	0.00
27.076	1.24	0.83	-9.70	-0.04	-0.07	0.13
27.103	1.19	0.69	-9.75	-0.07	0.04	-0.00
27.130	1.15	0.72	-9.77	0.04	-0.01	-0.04
27.157	0.71	2.21	-9.64	0.09	-0.04	0.01
27.185	1.44	6.62	-9.40	-0.02	-0.07	0.14
27.211	1.19	0.49	-9.72	0.03	0.00	-0.02
27.242	1.37	-0.08	-9.81	0.03	0.07	-0.07
27.269	1.16	0.77	-9.63	0.06	0.02	0.03
27.296	1.08	0.49	-9.77	0.03	-0.01	-0.03
27.323	1.00	0.40	-9.86	-0.05	0.01	-0.02
27.351	1.26	0.57	-9.76	-0.10	0.06	-0.07
27.377	1.16	0.72	-9.70	-0.07	-0.07	0.00
27.405	1.24	0.42	-9.80	-0.06	-0.00	0.10
27.431	1.09	0.72	-9.70	-0.02	-0.04	-0.10
27.459	1.15	0.54	-9.76	-0.04	0.03	0.05
27.486	0.83	1.32	-9.45	0.05	-0.06	0.07
27.513	1.14	0.15	-9.73	0.01	0.04	-0.02
27.540	1.16	0.47	-9.77	-0.05	-0.11	0.01
27.571	1.03	0.82	-9.79	-0.07	0.03	0.03
27.597	1.11	0.58	-9.65	0.04	0.01	-0.01
27.625	1.27	0.79	-9.67	0.01	-0.09	0.05
27.652	1.29	0.47	-9.74	-0.01	-0.04	0.00
27.679	1.24	0.62	-9.67	0.07	0.07	-0.05
27.706	1.01	0.19	-9.75	0.07	-0.02	-0.03
27.734	1.06	0.55	-9.84	0.15	0.00	0.08
27.760	1.35	0.49	-9.91	-0.04	-0.01	-0.01
27.788	1.24	0.56	-9.54	-0.07	0.03	0.10
27.814	1.02	0.18	-9.95	-0.02	0.06	-0.06
27.842	1.38	-1.60	-9.84	-0.04	-0.07	0.04
27.869	0.88	1.44	-9.73	0.17	-0.12	-0.12
27.901	1.26	2.10	-10.05	0.09	-0.12	-0.07
27.932	1.27	0.36	-9.91	-0.04	0.01	-0.10
27.959	1.11	0.24	-9.79	0.02	-0.05	-0.05
27.986	1.23	-0.95	-9.70	-0.10	-0.02	0.04
28.013	1.01	1.14	-9.72	-0.07	0.09	0.07
28.041	1.23	1.93	-9.53	0.10	0.07	0.01
28.067	1.08	0.50	-9.78	0.02	-0.07	-0.01
28.095	1.11	0.71	-9.66	0.13	-0.02	0.12
28.122	1.04	0.63	-9.79	0.04	-0.11	-0.01
28.149	0.98	-0.25	-9.75	-0.05	-0.09	0.03
28.176	1.23	-0.54	-9.67	-0.08	0.01	0.13
28.204	1.22	0.85	-9.77	-0.02	-0.00	-0.06
28.230	1.19	0.74	-9.73	-0.06	-0.04	0.08
28.258	1.10	0.75	-9.78	0.07	0.08	-0.06
28.288	1.03	0.55	-9.87	-0.07	0.00	-0.10
28.315	1.08	0.60	-9.75	0.01	-0.08	0.15
28.342	1.28	0.49	-9.63	-0.01	0.01	-0.09
28.369	1.34	0.34	-9.73	-0.10	0.10	0.13
28.396	1.09	0.82	-9.68	-0.06	0.00	-0.05
28.424	1.15	1.07	-9.77	-0.03	-0.03	-0.08
28.450	1.28	0.40	-9.80	-0.02	-0.04	-0.01
28.478	1.36	1.82	-9.62	-0.07	0.07	0.01
28.505	1.61	0.47	-9.78	-0.13	-0.05	-0.10
28.532	1.09	0.33	-9.78	-0.07	0.07	0.06
28.559	1.16	1.29	-9.60	-0.04	-0.01	0.00
28.587	1.14	0.65	-9.73	-0.11	0.07	0.13
28.613	1.19	0.60	-9.68	0.03	0.02	0.05
28.643	1.22	0.75	-9.73	-0.05	0.03	0.09
28.670	1.22	0.80	-9.65	-0.03	-0.06	0.04
28.697	1.13	0.80	-9.76	-0.01	0.04	0.11
28.725	1.04	0.74	-9.85	-0.07	-0.03	-0.11
28.751	1.01	0.88	-9.68	0.07	-0.04	-0.07
